Plate[0], 2019/2/27, 14:27:01, 8.9e-002, 8.4e-002, 8.2e-002, 8.3e-002, 9.2e-002, 8.3e-002, 8.4e-002, 8.6e-002, 8.8e-002, 8.3e-002, 8.3e-002, 8.3e-002, 9.1e-002, 8.4e-002, 8.6e-002, 8.4e-002, 9.5e-002, 8.2e-002, 8.3e-002, 8.4e-002, 8.9e-002, 8.3e-002, 8.3e-002, 8.3e-002, 8.6e-002, 7.5e-002, 7.6e-002, 8.6e-002, 9.e-002, 7.9e-002, 8.e-002, 8.6e-002, 8.9e-002, 7.6e-002, 7.7e-002, 7.8e-002, 8.9e-002, 7.9e-002, 8.1e-002, 8.e-002, 8.7e-002, 7.6e-002, 7.6e-002, 8.1e-002, 9.4e-002, 7.8e-002, 8.1e-002, 8.e-002
Plate[1], 2019/2/27, 14:33:11, 8.9e-002, 8.5e-002, 8.3e-002, 8.5e-002, 9.3e-002, 8.6e-002, 8.4e-002, 8.3e-002, 9.7e-002, 8.1e-002, 8.2e-002, 8.3e-002, 9.1e-002, 8.3e-002, 8.3e-002, 8.3e-002, 8.7e-002, 8.2e-002, 8.3e-002, 8.3e-002, 9.1e-002, 8.3e-002, 8.2e-002, 8.3e-002, 8.6e-002, 7.5e-002, 7.7e-002, 7.8e-002, 9.e-002, 8.1e-002, 8.2e-002, 8.2e-002, 8.6e-002, 7.6e-002, 7.9e-002, 7.8e-002, 8.9e-002, 8.e-002, 8.1e-002, 8.2e-002, 8.7e-002, 7.7e-002, 7.7e-002, 7.7e-002, 9.3e-002, 8.2e-002, 0.278, 0.4
Plate[0], 2019/2/27, 14:39:48, 9.e-002, 8.4e-002, 8.2e-002, 8.3e-002, 9.6e-002, 8.3e-002, 8.4e-002, 8.6e-002, 8.8e-002, 8.3e-002, 8.3e-002, 8.3e-002, 9.3e-002, 8.4e-002, 8.6e-002, 8.4e-002, 9.5e-002, 8.2e-002, 8.3e-002, 8.4e-002, 0.102, 8.3e-002, 8.3e-002, 8.3e-002, 8.6e-002, 7.6e-002, 7.7e-002, 8.4e-002, 9.3e-002, 8.3e-002, 8.4e-002, 8.8e-002, 8.8e-002, 7.6e-002, 7.7e-002, 7.9e-002, 9.1e-002, 8.5e-002, 8.4e-002, 8.3e-002, 8.7e-002, 7.6e-002, 7.7e-002, 8.5e-002, 9.5e-002, 7.9e-002, 8.2e-002, 8.1e-002
Plate[1], 2019/2/27, 14:46:19, 9.e-002, 8.5e-002, 8.9e-002, 8.4e-002, 9.4e-002, 8.7e-002, 8.4e-002, 8.3e-002, 9.7e-002, 8.1e-002, 8.2e-002, 8.3e-002, 9.4e-002, 8.3e-002, 8.3e-002, 8.3e-002, 8.7e-002, 8.1e-002, 8.2e-002, 8.3e-002, 9.5e-002, 8.3e-002, 8.2e-002, 8.3e-002, 8.7e-002, 7.6e-002, 7.8e-002, 9.1e-002, 0.121, 8.4e-002, 8.6e-002, 8.4e-002, 8.7e-002, 7.6e-002, 7.9e-002, 8.1e-002, 9.2e-002, 0.103, 8.5e-002, 8.5e-002, 8.7e-002, 7.7e-002, 7.7e-002, 7.7e-002, 9.4e-002, 8.2e-002, 0.146, 0.402
Plate[0], 2019/2/27, 14:52:56, 9.1e-002, 8.4e-002, 8.2e-002, 8.3e-002, 0.101, 8.3e-002, 8.4e-002, 8.6e-002, 8.9e-002, 8.3e-002, 8.3e-002, 8.3e-002, 9.6e-002, 8.4e-002, 8.6e-002, 8.4e-002, 9.6e-002, 8.2e-002, 8.3e-002, 8.5e-002, 0.113, 8.3e-002, 8.3e-002, 8.3e-002, 8.7e-002, 7.6e-002, 7.7e-002, 8.7e-002, 9.6e-002, 8.6e-002, 8.7e-002, 9.e-002, 9.e-002, 7.6e-002, 7.8e-002, 7.9e-002, 9.7e-002, 9.3e-002, 8.8e-002, 8.8e-002, 8.7e-002, 7.6e-002, 7.7e-002, 8.1e-002, 9.6e-002, 7.9e-002, 8.2e-002, 8.1e-002
Plate[1], 2019/2/27, 14:59:28, 9.e-002, 8.5e-002, 8.8e-002, 8.5e-002, 9.4e-002, 8.7e-002, 8.4e-002, 8.3e-002, 9.8e-002, 8.1e-002, 8.2e-002, 8.3e-002, 9.5e-002, 8.3e-002, 8.3e-002, 8.3e-002, 8.7e-002, 8.2e-002, 8.2e-002, 8.3e-002, 9.9e-002, 8.3e-002, 8.2e-002, 8.3e-002, 8.6e-002, 7.5e-002, 7.7e-002, 8.9e-002, 0.127, 8.7e-002, 8.8e-002, 8.7e-002, 8.8e-002, 7.6e-002, 7.9e-002, 8.1e-002, 9.5e-002, 0.11, 9.1e-002, 9.1e-002, 8.7e-002, 7.7e-002, 7.7e-002, 7.7e-002, 9.4e-002, 8.2e-002, 0.139, 0.407
Plate[0], 2019/2/27, 15:06:04, 9.1e-002, 8.4e-002, 8.2e-002, 8.3e-002, 0.109, 8.3e-002, 8.4e-002, 8.6e-002, 8.9e-002, 8.3e-002, 8.3e-002, 8.3e-002, 9.8e-002, 8.4e-002, 8.6e-002, 8.4e-002, 9.6e-002, 8.2e-002, 8.3e-002, 8.5e-002, 0.12, 8.3e-002, 8.3e-002, 8.3e-002, 8.7e-002, 8.e-002, 7.7e-002, 8.9e-002, 9.9e-002, 9.e-002, 9.1e-002, 9.5e-002, 9.e-002, 7.6e-002, 7.8e-002, 8.e-002, 0.103, 9.5e-002, 9.4e-002, 9.4e-002, 8.8e-002, 7.6e-002, 7.7e-002, 8.1e-002, 9.6e-002, 7.9e-002, 8.2e-002, 8.1e-002
Plate[1], 2019/2/27, 15:12:36, 9.1e-002, 8.5e-002, 8.3e-002, 8.5e-002, 9.5e-002, 8.7e-002, 8.4e-002, 8.3e-002, 9.9e-002, 8.1e-002, 8.2e-002, 8.3e-002, 9.9e-002, 8.3e-002, 8.3e-002, 8.3e-002, 8.9e-002, 8.2e-002, 8.2e-002, 8.3e-002, 0.104, 8.3e-002, 8.2e-002, 8.3e-002, 8.7e-002, 7.6e-002, 7.8e-002, 0.1, 0.14, 9.1e-002, 9.3e-002, 9.1e-002, 8.8e-002, 7.6e-002, 8.e-002, 9.1e-002, 9.8e-002, 0.117, 9.7e-002, 9.8e-002, 8.8e-002, 7.7e-002, 7.7e-002, 7.7e-002, 9.5e-002, 8.3e-002, 0.143, 0.407
Plate[0], 2019/2/27, 15:19:12, 9.2e-002, 8.4e-002, 8.2e-002, 8.3e-002, 0.117, 8.3e-002, 8.4e-002, 8.6e-002, 9.e-002, 8.3e-002, 8.3e-002, 8.3e-002, 0.102, 8.4e-002, 8.6e-002, 8.4e-002, 9.7e-002, 8.2e-002, 8.4e-002, 8.6e-002, 0.126, 8.3e-002, 8.3e-002, 8.3e-002, 8.8e-002, 7.6e-002, 7.8e-002, 8.9e-002, 0.103, 9.4e-002, 9.5e-002, 0.1, 9.e-002, 7.7e-002, 7.9e-002, 8.1e-002, 0.114, 9.9e-002, 0.1, 0.102, 8.9e-002, 7.6e-002, 7.7e-002, 8.1e-002, 9.5e-002, 7.9e-002, 8.2e-002, 8.2e-002
Plate[1], 2019/2/27, 15:25:44, 9.2e-002, 8.5e-002, 8.3e-002, 8.5e-002, 9.5e-002, 8.7e-002, 8.4e-002, 8.3e-002, 9.9e-002, 8.1e-002, 8.2e-002, 8.3e-002, 0.103, 8.3e-002, 8.3e-002, 8.3e-002, 9.e-002, 8.2e-002, 8.2e-002, 8.3e-002, 0.105, 8.3e-002, 8.2e-002, 8.3e-002, 8.8e-002, 7.6e-002, 7.8e-002, 0.115, 0.146, 9.6e-002, 9.8e-002, 9.5e-002, 9.e-002, 7.6e-002, 8.e-002, 0.103, 0.101, 0.123, 0.105, 0.106, 8.9e-002, 7.7e-002, 7.7e-002, 7.8e-002, 9.6e-002, 8.3e-002, 0.145, 0.413
Plate[0], 2019/2/27, 15:32:20, 9.3e-002, 8.4e-002, 8.2e-002, 8.3e-002, 0.126, 8.3e-002, 8.4e-002, 8.6e-002, 9.1e-002, 8.3e-002, 8.3e-002, 8.3e-002, 0.105, 8.4e-002, 8.6e-002, 8.5e-002, 9.8e-002, 8.2e-002, 8.5e-002, 8.6e-002, 0.132, 8.3e-002, 8.3e-002, 8.3e-002, 8.9e-002, 7.6e-002, 7.9e-002, 9.5e-002, 0.106, 9.8e-002, 0.101, 0.106, 9.2e-002, 7.7e-002, 8.e-002, 8.3e-002, 0.125, 0.103, 0.107, 0.11, 8.9e-002, 7.6e-002, 7.7e-002, 8.1e-002, 9.6e-002, 7.9e-002, 8.3e-002, 8.2e-002
Plate[1], 2019/2/27, 15:38:52, 9.3e-002, 8.5e-002, 8.3e-002, 8.5e-002, 9.6e-002, 8.7e-002, 8.5e-002, 8.3e-002, 0.101, 8.1e-002, 8.2e-002, 8.3e-002, 0.107, 8.3e-002, 8.3e-002, 8.3e-002, 9.1e-002, 8.2e-002, 8.2e-002, 8.3e-002, 0.109, 8.3e-002, 8.2e-002, 8.3e-002, 8.9e-002, 7.6e-002, 7.9e-002, 0.123, 0.151, 9.9e-002, 0.102, 9.8e-002, 9.e-002, 7.6e-002, 8.1e-002, 0.109, 0.105, 0.127, 0.111, 0.112, 8.8e-002, 7.7e-002, 7.7e-002, 7.8e-002, 9.6e-002, 8.3e-002, 0.14, 0.41
Plate[0], 2019/2/27, 15:45:28, 9.4e-002, 8.4e-002, 8.2e-002, 8.4e-002, 0.131, 8.3e-002, 8.4e-002, 8.6e-002, 9.2e-002, 8.3e-002, 8.3e-002, 8.3e-002, 0.11, 8.4e-002, 8.6e-002, 8.5e-002, 9.8e-002, 8.2e-002, 8.5e-002, 8.6e-002, 0.135, 8.3e-002, 8.3e-002, 8.3e-002, 9.e-002, 7.7e-002, 7.9e-002, 9.9e-002, 0.11, 0.101, 0.105, 0.111, 9.1e-002, 7.7e-002, 8.e-002, 8.3e-002, 0.13, 0.106, 0.114, 0.116, 9.e-002, 7.6e-002, 7.7e-002, 8.1e-002, 9.7e-002, 8.e-002, 8.3e-002, 8.3e-002
Plate[1], 2019/2/27, 15:52:00, 9.3e-002, 8.5e-002, 8.3e-002, 8.5e-002, 9.7e-002, 8.7e-002, 8.4e-002, 8.3e-002, 0.101, 8.1e-002, 8.2e-002, 8.3e-002, 0.107, 8.3e-002, 8.3e-002, 8.3e-002, 9.1e-002, 8.2e-002, 8.2e-002, 8.3e-002, 0.111, 8.3e-002, 8.2e-002, 8.3e-002, 8.9e-002, 7.6e-002, 7.9e-002, 0.122, 0.153, 0.1, 0.103, 0.1, 9.1e-002, 7.6e-002, 8.e-002, 0.106, 0.106, 0.128, 0.111, 0.114, 8.9e-002, 7.7e-002, 7.7e-002, 7.7e-002, 9.6e-002, 8.2e-002, 0.142, 0.412
Plate[0], 2019/2/27, 15:58:37, 9.4e-002, 8.4e-002, 8.2e-002, 8.3e-002, 0.133, 8.3e-002, 8.3e-002, 8.6e-002, 9.2e-002, 8.3e-002, 8.3e-002, 8.3e-002, 0.112, 8.4e-002, 8.6e-002, 8.4e-002, 9.9e-002, 8.2e-002, 8.8e-002, 8.6e-002, 0.138, 8.3e-002, 8.3e-002, 8.3e-002, 9.e-002, 7.7e-002, 7.9e-002, 9.4e-002, 0.112, 0.103, 0.108, 0.114, 9.2e-002, 7.7e-002, 8.e-002, 8.3e-002, 0.132, 0.108, 0.117, 0.12, 9.e-002, 7.6e-002, 7.7e-002, 8.1e-002, 9.8e-002, 7.9e-002, 8.2e-002, 8.3e-002
Plate[1], 2019/2/28, 16:05:09, 9.3e-002, 8.5e-002, 8.3e-002, 8.5e-002, 9.7e-002, 8.7e-002, 8.5e-002, 8.3e-002, 0.102, 8.1e-002, 8.2e-002, 8.3e-002, 0.108, 8.3e-002, 8.3e-002, 8.4e-002, 9.2e-002, 8.2e-002, 8.2e-002, 8.4e-002, 0.112, 8.3e-002, 8.2e-002, 8.3e-002, 9.e-002, 7.6e-002, 7.9e-002, 0.125, 0.154, 0.102, 0.105, 0.102, 9.1e-002, 7.6e-002, 8.1e-002, 0.107, 0.108, 0.129, 0.114, 0.117, 9.1e-002, 7.7e-002, 7.7e-002, 7.8e-002, 9.7e-002, 8.2e-002, 0.146, 0.407
Plate[0], 2019/2/28, 16:11:45, 9.9e-002, 8.4e-002, 8.2e-002, 8.3e-002, 0.13, 8.3e-002, 8.4e-002, 8.6e-002, 9.3e-002, 8.3e-002, 8.3e-002, 8.3e-002, 0.112, 8.4e-002, 8.6e-002, 8.5e-002, 0.1, 8.2e-002, 9.5e-002, 8.6e-002, 0.137, 8.3e-002, 8.3e-002, 8.3e-002, 9.1e-002, 7.7e-002, 7.9e-002, 9.5e-002, 0.114, 0.105, 0.109, 0.115, 9.3e-002, 7.7e-002, 7.9e-002, 8.2e-002, 0.128, 0.108, 0.119, 0.121, 9.2e-002, 7.6e-002, 7.7e-002, 8.1e-002, 9.7e-002, 7.9e-002, 8.2e-002, 8.2e-002
Plate[1], 2019/2/28, 16:18:17, 9.4e-002, 8.5e-002, 8.3e-002, 8.4e-002, 9.8e-002, 8.7e-002, 8.5e-002, 8.3e-002, 0.103, 8.1e-002, 8.2e-002, 8.3e-002, 0.105, 8.3e-002, 8.3e-002, 8.3e-002, 9.4e-002, 8.2e-002, 8.2e-002, 8.4e-002, 0.114, 8.3e-002, 8.2e-002, 8.3e-002, 9.e-002, 7.6e-002, 7.9e-002, 0.118, 0.152, 0.102, 0.105, 0.102, 9.1e-002, 7.6e-002, 8.e-002, 0.101, 0.108, 0.127, 0.113, 0.117, 9.2e-002, 7.7e-002, 7.7e-002, 7.7e-002, 9.8e-002, 8.2e-002, 0.143, 0.405
Plate[0], 2019/2/28, 16:24:53, 9.5e-002, 8.4e-002, 8.3e-002, 8.4e-002, 0.128, 8.3e-002, 8.5e-002, 8.6e-002, 9.4e-002, 8.3e-002, 8.3e-002, 8.3e-002, 0.111, 8.4e-002, 8.6e-002, 8.5e-002, 0.1, 8.2e-002, 0.102, 8.6e-002, 0.136, 8.3e-002, 8.3e-002, 8.3e-002, 9.2e-002, 7.7e-002, 7.9e-002, 9.5e-002, 0.113, 0.106, 0.109, 0.116, 9.5e-002, 7.7e-002, 7.9e-002, 8.3e-002, 0.12, 0.108, 0.118, 0.123, 9.2e-002, 7.6e-002, 7.7e-002, 8.1e-002, 9.8e-002, 7.9e-002, 8.2e-002, 8.2e-002
Plate[1], 2019/2/28, 16:31:25, 9.5e-002, 8.5e-002, 8.3e-002, 8.4e-002, 9.8e-002, 8.7e-002, 8.5e-002, 8.3e-002, 0.104, 8.1e-002, 8.2e-002, 8.3e-002, 0.103, 8.3e-002, 8.3e-002, 8.3e-002, 9.3e-002, 8.2e-002, 8.2e-002, 8.4e-002, 0.113, 8.3e-002, 8.2e-002, 8.3e-002, 9.1e-002, 7.6e-002, 7.9e-002, 0.111, 0.15, 0.102, 0.104, 0.103, 9.2e-002, 7.6e-002, 8.e-002, 9.5e-002, 0.106, 0.125, 0.112, 0.117, 9.2e-002, 7.7e-002, 7.7e-002, 7.7e-002, 9.8e-002, 8.2e-002, 0.141, 0.41
Plate[0], 2019/2/28, 16:38:02, 9.7e-002, 8.4e-002, 8.2e-002, 8.3e-002, 0.132, 8.3e-002, 8.5e-002, 8.6e-002, 9.5e-002, 8.3e-002, 8.3e-002, 8.3e-002, 0.115, 8.4e-002, 8.6e-002, 8.4e-002, 0.101, 8.2e-002, 0.11, 8.6e-002, 0.137, 8.3e-002, 8.3e-002, 8.3e-002, 9.4e-002, 7.7e-002, 7.9e-002, 9.6e-002, 0.115, 0.108, 0.112, 0.12, 9.4e-002, 7.7e-002, 7.9e-002, 8.1e-002, 0.123, 0.108, 0.123, 0.128, 9.3e-002, 7.6e-002, 7.7e-002, 8.2e-002, 9.9e-002, 7.9e-002, 8.3e-002, 8.3e-002
Plate[1], 2019/2/28, 16:44:33, 9.7e-002, 8.5e-002, 8.3e-002, 8.5e-002, 0.1, 8.7e-002, 8.5e-002, 8.3e-002, 0.105, 8.1e-002, 8.2e-002, 8.3e-002, 0.112, 8.3e-002, 8.3e-002, 8.4e-002, 9.5e-002, 8.2e-002, 8.2e-002, 8.5e-002, 0.118, 8.3e-002, 8.2e-002, 8.3e-002, 9.4e-002, 7.6e-002, 8.e-002, 0.12, 0.151, 0.104, 0.108, 0.106, 9.4e-002, 7.6e-002, 8.1e-002, 0.106, 0.111, 0.125, 0.117, 0.123, 9.3e-002, 7.7e-002, 7.8e-002, 7.8e-002, 0.1, 8.3e-002, 0.147, 0.417
Plate[0], 2019/2/28, 16:51:10, 9.8e-002, 8.4e-002, 8.2e-002, 8.3e-002, 0.138, 8.3e-002, 8.5e-002, 8.6e-002, 9.5e-002, 8.3e-002, 8.3e-002, 8.3e-002, 0.12, 8.4e-002, 8.6e-002, 8.4e-002, 0.103, 8.2e-002, 0.119, 8.6e-002, 0.139, 8.3e-002, 8.3e-002, 8.3e-002, 9.4e-002, 7.8e-002, 8.e-002, 0.106, 0.117, 0.111, 0.117, 0.127, 9.5e-002, 7.8e-002, 8.e-002, 8.5e-002, 0.133, 0.111, 0.128, 0.136, 9.4e-002, 7.6e-002, 7.7e-002, 8.1e-002, 0.1, 7.9e-002, 8.3e-002, 8.5e-002
Plate[1], 2019/2/28, 16:57:42, 9.8e-002, 8.5e-002, 8.3e-002, 8.4e-002, 0.1, 8.7e-002, 8.5e-002, 8.3e-002, 0.107, 8.1e-002, 8.2e-002, 8.3e-002, 0.117, 8.3e-002, 8.3e-002, 8.3e-002, 9.7e-002, 8.2e-002, 8.2e-002, 9.2e-002, 0.122, 8.3e-002, 8.2e-002, 8.3e-002, 9.4e-002, 7.8e-002, 8.3e-002, 0.129, 0.154, 0.107, 0.112, 0.108, 9.6e-002, 7.7e-002, 8.3e-002, 0.116, 0.116, 0.126, 0.123, 0.128, 9.5e-002, 7.7e-002, 7.8e-002, 7.8e-002, 0.102, 8.3e-002, 0.142, 0.409
Plate[0], 2019/2/28, 17:04:18, 0.128, 8.4e-002, 8.2e-002, 8.3e-002, 0.142, 8.3e-002, 8.5e-002, 8.6e-002, 9.7e-002, 8.3e-002, 8.3e-002, 8.3e-002, 0.126, 8.4e-002, 8.6e-002, 8.4e-002, 0.105, 8.2e-002, 0.128, 8.7e-002, 0.144, 8.3e-002, 8.3e-002, 8.3e-002, 9.6e-002, 8.e-002, 8.1e-002, 0.113, 0.124, 0.115, 0.122, 0.132, 9.7e-002, 7.8e-002, 8.1e-002, 8.9e-002, 0.139, 0.113, 0.133, 0.142, 9.6e-002, 7.6e-002, 7.8e-002, 8.2e-002, 0.102, 8.e-002, 8.4e-002, 8.5e-002
Plate[1], 2019/2/28, 17:10:50, 9.9e-002, 8.5e-002, 8.3e-002, 8.4e-002, 0.1, 8.7e-002, 8.4e-002, 8.3e-002, 0.11, 8.1e-002, 8.2e-002, 8.3e-002, 0.12, 8.3e-002, 8.3e-002, 8.3e-002, 9.8e-002, 8.2e-002, 8.2e-002, 0.106, 0.124, 8.3e-002, 8.2e-002, 8.3e-002, 9.4e-002, 7.8e-002, 8.4e-002, 0.128, 0.156, 0.109, 0.114, 0.11, 9.8e-002, 7.7e-002, 8.5e-002, 0.123, 0.12, 0.127, 0.125, 0.13, 9.6e-002, 7.7e-002, 7.8e-002, 7.8e-002, 0.101, 8.3e-002, 0.141, 0.405
Plate[0], 2019/2/28, 17:17:26, 0.101, 8.4e-002, 8.2e-002, 8.3e-002, 0.136, 8.3e-002, 8.5e-002, 8.6e-002, 9.9e-002, 8.3e-002, 8.3e-002, 8.3e-002, 0.128, 8.4e-002, 8.6e-002, 8.4e-002, 0.105, 8.2e-002, 0.136, 8.7e-002, 0.146, 8.3e-002, 8.3e-002, 8.3e-002, 9.7e-002, 8.e-002, 8.1e-002, 0.119, 0.127, 0.117, 0.123, 0.134, 9.8e-002, 7.8e-002, 8.2e-002, 8.8e-002, 0.141, 0.114, 0.134, 0.143, 9.6e-002, 7.6e-002, 7.7e-002, 8.2e-002, 0.103, 8.e-002, 8.3e-002, 8.4e-002
Plate[1], 2019/2/28, 17:23:58, 0.1, 8.5e-002, 8.3e-002, 8.5e-002, 0.102, 8.7e-002, 8.5e-002, 8.3e-002, 0.109, 8.1e-002, 8.2e-002, 8.3e-002, 0.118, 8.3e-002, 8.3e-002, 8.3e-002, 9.9e-002, 8.2e-002, 8.2e-002, 0.118, 0.127, 8.3e-002, 8.2e-002, 8.3e-002, 9.7e-002, 7.8e-002, 8.3e-002, 0.12, 0.157, 0.11, 0.114, 0.111, 9.8e-002, 7.7e-002, 8.3e-002, 0.123, 0.123, 0.127, 0.125, 0.129, 9.7e-002, 7.7e-002, 7.8e-002, 7.8e-002, 0.102, 8.3e-002, 0.138, 0.406
Plate[0], 2019/2/28, 17:30:34, 0.102, 8.4e-002, 8.2e-002, 8.3e-002, 0.123, 8.3e-002, 8.5e-002, 8.6e-002, 9.9e-002, 8.3e-002, 8.3e-002, 8.3e-002, 0.128, 8.4e-002, 8.6e-002, 8.5e-002, 0.106, 8.2e-002, 0.142, 8.7e-002, 0.147, 8.3e-002, 8.3e-002, 8.3e-002, 9.8e-002, 7.9e-002, 8.1e-002, 0.116, 0.128, 0.117, 0.123, 0.134, 0.1, 7.8e-002, 8.1e-002, 8.5e-002, 0.14, 0.115, 0.134, 0.142, 9.8e-002, 7.6e-002, 7.7e-002, 8.2e-002, 0.103, 7.9e-002, 8.3e-002, 8.3e-002
Plate[1], 2019/2/28, 17:37:06, 0.101, 8.5e-002, 8.4e-002, 8.5e-002, 0.104, 8.7e-002, 8.5e-002, 8.3e-002, 0.111, 8.2e-002, 8.2e-002, 8.3e-002, 0.116, 8.3e-002, 8.3e-002, 8.3e-002, 0.101, 8.2e-002, 8.3e-002, 0.125, 0.128, 8.3e-002, 8.2e-002, 8.3e-002, 9.8e-002, 7.7e-002, 8.2e-002, 0.113, 0.155, 0.11, 0.113, 0.111, 0.1, 7.7e-002, 8.3e-002, 0.119, 0.124, 0.127, 0.124, 0.128, 9.9e-002, 7.7e-002, 7.8e-002, 7.8e-002, 0.102, 8.3e-002, 0.14, 0.408
Plate[0], 2019/2/28, 17:43:43, 0.103, 8.4e-002, 8.2e-002, 8.3e-002, 0.115, 8.3e-002, 8.5e-002, 8.6e-002, 0.1, 8.3e-002, 8.3e-002, 8.3e-002, 0.126, 8.4e-002, 8.6e-002, 8.4e-002, 0.108, 8.2e-002, 0.147, 8.7e-002, 0.147, 8.3e-002, 8.3e-002, 8.3e-002, 0.1, 7.9e-002, 8.e-002, 0.111, 0.129, 0.116, 0.121, 0.131, 0.101, 7.8e-002, 8.e-002, 8.3e-002, 0.135, 0.114, 0.132, 0.141, 9.9e-002, 7.6e-002, 7.7e-002, 8.1e-002, 0.104, 7.9e-002, 8.3e-002, 8.3e-002
Plate[1], 2019/2/28, 17:50:15, 0.102, 8.5e-002, 8.3e-002, 8.5e-002, 0.105, 8.7e-002, 8.5e-002, 8.3e-002, 0.112, 8.1e-002, 8.2e-002, 8.3e-002, 0.112, 8.3e-002, 8.3e-002, 8.3e-002, 0.102, 8.2e-002, 8.3e-002, 0.132, 0.127, 8.3e-002, 8.2e-002, 8.3e-002, 9.9e-002, 7.7e-002, 8.1e-002, 0.106, 0.154, 0.109, 0.112, 0.11, 0.1, 7.7e-002, 8.2e-002, 0.113, 0.122, 0.125, 0.122, 0.125, 9.9e-002, 7.7e-002, 7.8e-002, 7.8e-002, 0.103, 8.3e-002, 0.138, 0.403
Plate[0], 2019/2/28, 17:56:51, 0.103, 8.4e-002, 8.2e-002, 8.3e-002, 0.115, 8.3e-002, 8.5e-002, 8.6e-002, 0.102, 8.3e-002, 8.3e-002, 8.3e-002, 0.123, 8.4e-002, 8.6e-002, 8.4e-002, 0.109, 8.2e-002, 0.15, 8.7e-002, 0.146, 8.3e-002, 8.3e-002, 8.3e-002, 0.102, 7.8e-002, 8.e-002, 0.103, 0.127, 0.115, 0.118, 0.127, 0.103, 7.8e-002, 7.9e-002, 8.2e-002, 0.129, 0.112, 0.129, 0.143, 0.101, 7.6e-002, 7.7e-002, 8.1e-002, 0.105, 7.9e-002, 8.2e-002, 8.2e-002
Plate[1], 2019/2/28, 18:03:23, 0.103, 8.5e-002, 8.3e-002, 8.4e-002, 0.105, 8.7e-002, 8.5e-002, 8.3e-002, 0.113, 8.1e-002, 8.2e-002, 8.3e-002, 0.108, 8.3e-002, 8.3e-002, 8.3e-002, 0.104, 8.2e-002, 8.3e-002, 0.137, 0.124, 8.3e-002, 8.2e-002, 8.3e-002, 0.1, 7.6e-002, 8.e-002, 9.7e-002, 0.149, 0.108, 0.109, 0.109, 0.101, 7.6e-002, 8.1e-002, 0.1, 0.116, 0.121, 0.117, 0.12, 0.101, 7.7e-002, 7.8e-002, 7.8e-002, 0.104, 8.2e-002, 0.141, 0.403
Plate[0], 2019/2/28, 18:09:59, 0.106, 8.4e-002, 8.2e-002, 8.4e-002, 0.115, 8.3e-002, 8.5e-002, 8.6e-002, 0.103, 8.3e-002, 8.3e-002, 8.3e-002, 0.116, 8.4e-002, 8.6e-002, 8.5e-002, 0.111, 8.2e-002, 0.153, 8.7e-002, 0.141, 8.3e-002, 8.3e-002, 8.3e-002, 0.103, 7.7e-002, 8.e-002, 9.6e-002, 0.123, 0.113, 0.115, 0.123, 0.106, 7.7e-002, 7.9e-002, 8.1e-002, 0.12, 0.109, 0.125, 0.136, 0.103, 7.6e-002, 7.7e-002, 8.1e-002, 0.107, 7.9e-002, 8.2e-002, 8.2e-002
Plate[1], 2019/2/28, 18:16:31, 0.105, 8.5e-002, 8.3e-002, 8.5e-002, 0.107, 8.7e-002, 8.4e-002, 8.3e-002, 0.114, 8.1e-002, 8.2e-002, 8.3e-002, 0.11, 8.3e-002, 8.3e-002, 8.3e-002, 0.105, 8.2e-002, 8.3e-002, 0.143, 0.122, 8.3e-002, 8.2e-002, 8.3e-002, 0.102, 7.7e-002, 8.e-002, 9.6e-002, 0.146, 0.107, 0.108, 0.108, 0.104, 7.6e-002, 8.1e-002, 9.5e-002, 0.115, 0.118, 0.115, 0.118, 0.103, 7.7e-002, 7.7e-002, 7.8e-002, 0.106, 8.2e-002, 0.141, 0.402
Plate[0], 2019/2/28, 18:23:07, 0.107, 8.4e-002, 8.2e-002, 8.3e-002, 0.116, 8.3e-002, 8.5e-002, 8.6e-002, 0.106, 8.3e-002, 8.3e-002, 8.3e-002, 0.115, 8.4e-002, 8.6e-002, 8.4e-002, 0.113, 8.2e-002, 0.156, 8.8e-002, 0.137, 8.3e-002, 8.3e-002, 8.3e-002, 0.106, 7.7e-002, 8.e-002, 9.2e-002, 0.121, 0.111, 0.113, 0.12, 0.108, 7.7e-002, 7.8e-002, 8.e-002, 0.117, 0.107, 0.122, 0.134, 0.105, 7.6e-002, 7.7e-002, 8.1e-002, 0.108, 7.9e-002, 8.2e-002, 8.2e-002
Plate[1], 2019/2/28, 18:29:39, 0.107, 8.5e-002, 8.3e-002, 8.5e-002, 0.109, 8.6e-002, 8.5e-002, 8.3e-002, 0.117, 8.1e-002, 8.2e-002, 8.3e-002, 0.109, 8.3e-002, 8.3e-002, 8.3e-002, 0.106, 8.2e-002, 8.3e-002, 0.148, 0.119, 8.3e-002, 8.2e-002, 8.3e-002, 0.103, 7.6e-002, 8.e-002, 9.5e-002, 0.143, 0.106, 0.108, 0.107, 0.106, 7.6e-002, 8.1e-002, 9.2e-002, 0.112, 0.115, 0.113, 0.116, 0.105, 7.7e-002, 7.8e-002, 7.9e-002, 0.105, 8.2e-002, 0.136, 0.402
Plate[0], 2019/2/28, 18:36:15, 0.11, 8.4e-002, 8.2e-002, 8.3e-002, 0.12, 8.3e-002, 8.5e-002, 8.6e-002, 0.108, 8.3e-002, 8.3e-002, 8.3e-002, 0.118, 8.4e-002, 8.6e-002, 8.5e-002, 0.115, 8.2e-002, 0.157, 8.8e-002, 0.139, 8.3e-002, 8.3e-002, 8.3e-002, 0.107, 7.7e-002, 8.e-002, 9.5e-002, 0.123, 0.111, 0.112, 0.119, 0.109, 7.7e-002, 7.9e-002, 8.1e-002, 0.119, 0.105, 0.121, 0.134, 0.107, 7.6e-002, 7.7e-002, 8.1e-002, 0.109, 7.9e-002, 8.2e-002, 8.2e-002
Plate[1], 2019/2/28, 18:42:47, 0.108, 8.5e-002, 8.3e-002, 8.5e-002, 0.11, 8.6e-002, 8.5e-002, 8.3e-002, 0.121, 8.1e-002, 8.2e-002, 8.3e-002, 0.11, 8.3e-002, 8.3e-002, 8.3e-002, 0.109, 8.2e-002, 8.3e-002, 0.152, 0.12, 8.3e-002, 8.2e-002, 8.3e-002, 0.107, 7.6e-002, 8.e-002, 9.6e-002, 0.14, 0.104, 0.107, 0.106, 0.108, 7.7e-002, 8.1e-002, 9.e-002, 0.113, 0.113, 0.112, 0.115, 0.108, 7.7e-002, 7.8e-002, 7.9e-002, 0.108, 8.4e-002, 0.133, 0.399
Plate[0], 2019/2/28, 18:49:24, 0.121, 8.4e-002, 8.2e-002, 8.4e-002, 0.121, 8.3e-002, 8.5e-002, 8.6e-002, 0.109, 8.3e-002, 8.3e-002, 8.3e-002, 0.122, 8.4e-002, 8.6e-002, 8.5e-002, 0.117, 8.3e-002, 0.158, 8.8e-002, 0.14, 8.3e-002, 8.3e-002, 8.3e-002, 0.111, 7.7e-002, 8.e-002, 9.6e-002, 0.124, 0.11, 0.114, 0.118, 0.112, 7.7e-002, 7.9e-002, 8.1e-002, 0.119, 0.105, 0.12, 0.133, 0.111, 7.6e-002, 7.7e-002, 8.1e-002, 0.111, 7.9e-002, 8.2e-002, 8.2e-002
Plate[1], 2019/2/28, 18:55:56, 0.111, 8.5e-002, 8.3e-002, 8.5e-002, 0.112, 8.6e-002, 8.5e-002, 8.3e-002, 0.124, 8.1e-002, 8.2e-002, 8.3e-002, 0.115, 8.3e-002, 8.3e-002, 8.3e-002, 0.113, 8.2e-002, 8.3e-002, 0.159, 0.122, 8.3e-002, 8.2e-002, 8.3e-002, 0.111, 7.7e-002, 8.1e-002, 9.9e-002, 0.141, 0.103, 0.107, 0.107, 0.111, 7.7e-002, 8.1e-002, 9.1e-002, 0.116, 0.112, 0.112, 0.115, 0.112, 7.7e-002, 7.8e-002, 8.e-002, 0.109, 8.3e-002, 0.132, 0.399
Plate[0], 2019/2/28, 19:02:32, 0.114, 8.4e-002, 8.2e-002, 8.3e-002, 0.124, 8.3e-002, 8.5e-002, 8.6e-002, 0.112, 8.3e-002, 8.3e-002, 8.3e-002, 0.123, 8.4e-002, 8.6e-002, 8.4e-002, 0.118, 8.2e-002, 0.159, 8.8e-002, 0.139, 8.3e-002, 8.3e-002, 8.3e-002, 0.113, 7.7e-002, 8.e-002, 9.2e-002, 0.125, 0.11, 0.111, 0.117, 0.115, 7.7e-002, 7.9e-002, 8.1e-002, 0.119, 0.103, 0.118, 0.132, 0.112, 7.6e-002, 7.7e-002, 8.1e-002, 0.113, 7.9e-002, 8.3e-002, 8.2e-002
Plate[1], 2019/2/28, 19:09:04, 0.115, 8.5e-002, 8.3e-002, 8.5e-002, 0.114, 8.6e-002, 8.5e-002, 8.3e-002, 0.125, 8.2e-002, 8.2e-002, 8.3e-002, 0.115, 8.3e-002, 8.3e-002, 8.3e-002, 0.114, 8.2e-002, 8.4e-002, 0.163, 0.12, 8.3e-002, 8.2e-002, 8.3e-002, 0.114, 7.6e-002, 8.e-002, 9.5e-002, 0.138, 0.101, 0.107, 0.106, 0.115, 7.6e-002, 8.1e-002, 8.6e-002, 0.114, 0.11, 0.111, 0.114, 0.115, 7.7e-002, 7.9e-002, 7.9e-002, 0.111, 8.3e-002, 0.135, 0.399
Plate[0], 2019/2/28, 19:15:40, 0.118, 8.4e-002, 8.2e-002, 8.3e-002, 0.123, 8.3e-002, 8.5e-002, 8.6e-002, 0.114, 8.3e-002, 8.3e-002, 8.3e-002, 0.123, 8.4e-002, 8.6e-002, 8.5e-002, 0.122, 8.2e-002, 0.161, 8.9e-002, 0.139, 8.3e-002, 8.3e-002, 8.3e-002, 0.117, 7.7e-002, 8.e-002, 9.2e-002, 0.124, 0.108, 0.11, 0.116, 0.118, 7.7e-002, 7.8e-002, 8.1e-002, 0.121, 0.102, 0.116, 0.129, 0.117, 7.6e-002, 7.7e-002, 8.1e-002, 0.117, 7.9e-002, 8.2e-002, 8.2e-002
Plate[1], 2019/2/28, 19:22:12, 0.117, 8.4e-002, 8.3e-002, 8.5e-002, 0.114, 8.6e-002, 8.4e-002, 8.3e-002, 0.129, 8.1e-002, 8.2e-002, 8.3e-002, 0.116, 8.3e-002, 8.3e-002, 8.3e-002, 0.118, 8.2e-002, 8.4e-002, 0.168, 0.119, 8.3e-002, 8.2e-002, 8.3e-002, 0.117, 7.6e-002, 8.1e-002, 9.6e-002, 0.137, 9.9e-002, 0.106, 0.106, 0.117, 7.6e-002, 8.1e-002, 8.6e-002, 0.117, 0.108, 0.11, 0.113, 0.118, 7.7e-002, 7.9e-002, 7.9e-002, 0.112, 8.2e-002, 0.13, 0.397
Plate[0], 2019/2/28, 19:28:48, 0.121, 8.4e-002, 8.3e-002, 8.3e-002, 0.127, 8.3e-002, 8.5e-002, 8.6e-002, 0.117, 8.3e-002, 8.3e-002, 8.3e-002, 0.128, 8.4e-002, 8.6e-002, 8.5e-002, 0.124, 8.3e-002, 0.164, 8.9e-002, 0.144, 8.3e-002, 8.3e-002, 8.3e-002, 0.122, 7.7e-002, 8.1e-002, 9.7e-002, 0.131, 0.108, 0.11, 0.116, 0.122, 7.7e-002, 7.9e-002, 8.2e-002, 0.125, 0.102, 0.115, 0.129, 0.12, 7.7e-002, 7.8e-002, 8.1e-002, 0.118, 7.9e-002, 8.3e-002, 8.3e-002
Plate[1], 2019/2/28, 19:35:20, 0.121, 8.5e-002, 8.3e-002, 8.5e-002, 0.116, 8.6e-002, 8.5e-002, 8.3e-002, 0.132, 8.2e-002, 8.2e-002, 8.3e-002, 0.118, 8.3e-002, 8.3e-002, 8.3e-002, 0.122, 8.2e-002, 8.4e-002, 0.175, 0.124, 8.3e-002, 8.2e-002, 8.3e-002, 0.12, 7.7e-002, 8.1e-002, 9.9e-002, 0.139, 0.1, 0.106, 0.107, 0.121, 7.7e-002, 8.1e-002, 8.9e-002, 0.123, 0.109, 0.11, 0.113, 0.122, 7.8e-002, 7.9e-002, 7.9e-002, 0.115, 8.3e-002, 0.129, 0.396
Plate[0], 2019/2/28, 19:41:57, 0.127, 8.4e-002, 8.2e-002, 8.3e-002, 0.13, 8.3e-002, 8.5e-002, 8.6e-002, 0.121, 8.3e-002, 8.3e-002, 8.3e-002, 0.132, 8.4e-002, 8.6e-002, 8.5e-002, 0.128, 8.2e-002, 0.167, 8.9e-002, 0.148, 8.3e-002, 8.3e-002, 8.3e-002, 0.126, 7.7e-002, 8.1e-002, 9.7e-002, 0.136, 0.108, 0.11, 0.115, 0.127, 7.8e-002, 7.9e-002, 8.3e-002, 0.13, 0.103, 0.115, 0.129, 0.124, 7.7e-002, 7.8e-002, 8.1e-002, 0.122, 8.e-002, 8.3e-002, 8.3e-002
Plate[1], 2019/2/28, 19:48:29, 0.125, 8.4e-002, 8.3e-002, 8.5e-002, 0.118, 8.6e-002, 8.5e-002, 8.3e-002, 0.136, 8.2e-002, 8.2e-002, 8.3e-002, 0.127, 8.3e-002, 8.3e-002, 8.4e-002, 0.126, 8.2e-002, 8.4e-002, 0.181, 0.131, 8.3e-002, 8.2e-002, 8.3e-002, 0.127, 7.8e-002, 8.3e-002, 0.107, 0.146, 0.105, 0.107, 0.109, 0.127, 7.8e-002, 8.2e-002, 9.4e-002, 0.131, 0.113, 0.111, 0.114, 0.125, 7.8e-002, 7.9e-002, 8.e-002, 0.117, 8.3e-002, 0.126, 0.396
Plate[0], 2019/2/28, 19:55:05, 0.133, 8.4e-002, 8.2e-002, 8.3e-002, 0.14, 8.3e-002, 8.5e-002, 8.6e-002, 0.125, 8.3e-002, 8.3e-002, 8.3e-002, 0.142, 8.4e-002, 8.6e-002, 8.5e-002, 0.133, 8.2e-002, 0.169, 9.e-002, 0.159, 8.3e-002, 8.3e-002, 8.3e-002, 0.131, 7.8e-002, 8.2e-002, 0.101, 0.145, 0.109, 0.11, 0.116, 0.132, 7.8e-002, 8.e-002, 8.5e-002, 0.139, 0.107, 0.116, 0.131, 0.13, 7.7e-002, 7.8e-002, 8.2e-002, 0.126, 8.e-002, 8.3e-002, 8.3e-002
Plate[1], 2019/2/28, 20:01:37, 0.129, 8.4e-002, 8.3e-002, 8.5e-002, 0.122, 8.6e-002, 8.5e-002, 8.3e-002, 0.142, 8.1e-002, 8.2e-002, 8.3e-002, 0.133, 8.3e-002, 8.3e-002, 8.3e-002, 0.131, 8.2e-002, 8.3e-002, 0.185, 0.133, 8.3e-002, 8.2e-002, 8.3e-002, 0.131, 7.8e-002, 8.3e-002, 0.112, 0.15, 0.107, 0.108, 0.111, 0.131, 7.9e-002, 8.2e-002, 9.6e-002, 0.135, 0.115, 0.112, 0.114, 0.13, 7.7e-002, 7.8e-002, 7.9e-002, 0.12, 8.4e-002, 0.124, 0.397
Plate[0], 2019/2/28, 20:08:13, 0.135, 8.4e-002, 8.2e-002, 8.3e-002, 0.141, 8.3e-002, 8.5e-002, 8.6e-002, 0.129, 8.3e-002, 8.3e-002, 8.3e-002, 0.145, 8.4e-002, 8.6e-002, 8.4e-002, 0.137, 8.2e-002, 0.17, 8.9e-002, 0.164, 8.3e-002, 8.3e-002, 8.3e-002, 0.134, 7.8e-002, 8.2e-002, 0.1, 0.15, 0.11, 0.11, 0.116, 0.138, 7.8e-002, 8.e-002, 8.6e-002, 0.144, 0.109, 0.116, 0.132, 0.134, 7.7e-002, 7.8e-002, 8.2e-002, 0.128, 8.e-002, 8.3e-002, 8.3e-002
Plate[1], 2019/2/28, 20:14:45, 0.132, 8.5e-002, 8.4e-002, 8.5e-002, 0.124, 8.6e-002, 8.5e-002, 8.3e-002, 0.147, 8.2e-002, 8.2e-002, 8.3e-002, 0.126, 8.3e-002, 8.3e-002, 8.4e-002, 0.134, 8.2e-002, 8.4e-002, 0.186, 0.129, 8.3e-002, 8.2e-002, 8.3e-002, 0.135, 7.7e-002, 8.1e-002, 0.107, 0.152, 0.104, 0.108, 0.11, 0.135, 7.8e-002, 8.1e-002, 9.e-002, 0.13, 0.114, 0.112, 0.114, 0.136, 7.7e-002, 7.8e-002, 7.9e-002, 0.121, 8.3e-002, 0.123, 0.398
Plate[0], 2019/2/28, 20:21:21, 0.139, 8.4e-002, 8.2e-002, 8.3e-002, 0.144, 8.3e-002, 8.5e-002, 8.6e-002, 0.133, 8.3e-002, 8.3e-002, 8.3e-002, 0.148, 8.4e-002, 8.6e-002, 8.5e-002, 0.141, 8.2e-002, 0.169, 8.9e-002, 0.167, 8.3e-002, 8.3e-002, 8.3e-002, 0.141, 7.8e-002, 8.1e-002, 9.8e-002, 0.151, 0.11, 0.111, 0.117, 0.144, 7.8e-002, 8.e-002, 8.5e-002, 0.146, 0.108, 0.115, 0.131, 0.142, 7.7e-002, 7.8e-002, 8.2e-002, 0.134, 8.e-002, 8.3e-002, 8.3e-002
Plate[1], 2019/2/28, 20:27:53, 0.137, 8.5e-002, 8.3e-002, 8.4e-002, 0.125, 8.6e-002, 8.5e-002, 8.3e-002, 0.152, 8.2e-002, 8.2e-002, 8.3e-002, 0.129, 8.3e-002, 8.3e-002, 8.3e-002, 0.141, 8.2e-002, 8.4e-002, 0.188, 0.13, 8.3e-002, 8.2e-002, 8.3e-002, 0.141, 7.7e-002, 8.1e-002, 0.106, 0.153, 0.103, 0.108, 0.11, 0.14, 7.8e-002, 8.1e-002, 9.e-002, 0.131, 0.114, 0.112, 0.113, 0.141, 7.7e-002, 7.8e-002, 7.9e-002, 0.121, 8.3e-002, 0.121, 0.396
Plate[0], 2019/2/28, 20:34:30, 0.146, 8.4e-002, 8.2e-002, 8.3e-002, 0.148, 8.3e-002, 8.5e-002, 8.6e-002, 0.141, 8.3e-002, 8.3e-002, 8.3e-002, 0.151, 8.4e-002, 8.6e-002, 8.5e-002, 0.147, 8.2e-002, 0.167, 8.9e-002, 0.172, 8.3e-002, 8.3e-002, 8.3e-002, 0.15, 7.8e-002, 8.1e-002, 9.8e-002, 0.157, 0.11, 0.11, 0.116, 0.151, 7.8e-002, 8.e-002, 8.3e-002, 0.152, 0.109, 0.115, 0.13, 0.148, 7.7e-002, 7.8e-002, 8.2e-002, 0.137, 8.e-002, 8.4e-002, 8.4e-002
Plate[1], 2019/2/28, 20:41:02, 0.146, 8.5e-002, 8.3e-002, 8.5e-002, 0.128, 8.6e-002, 8.5e-002, 8.3e-002, 0.158, 8.1e-002, 8.2e-002, 8.3e-002, 0.133, 8.3e-002, 8.3e-002, 8.3e-002, 0.146, 8.2e-002, 8.4e-002, 0.191, 0.136, 8.3e-002, 8.2e-002, 8.3e-002, 0.148, 7.7e-002, 8.2e-002, 0.111, 0.157, 0.104, 0.108, 0.111, 0.148, 7.8e-002, 8.2e-002, 9.3e-002, 0.138, 0.115, 0.112, 0.114, 0.148, 7.7e-002, 7.9e-002, 7.9e-002, 0.126, 8.3e-002, 0.121, 0.394
Plate[0], 2019/2/28, 20:47:38, 0.159, 8.4e-002, 8.2e-002, 8.3e-002, 0.157, 8.4e-002, 8.5e-002, 8.6e-002, 0.147, 8.3e-002, 8.3e-002, 8.3e-002, 0.161, 8.4e-002, 8.6e-002, 8.5e-002, 0.152, 8.2e-002, 0.165, 8.9e-002, 0.181, 8.3e-002, 8.3e-002, 8.3e-002, 0.158, 7.8e-002, 8.2e-002, 0.1, 0.168, 0.111, 0.11, 0.117, 0.16, 7.8e-002, 8.e-002, 8.5e-002, 0.158, 0.11, 0.115, 0.13, 0.154, 7.7e-002, 7.8e-002, 8.2e-002, 0.142, 8.e-002, 8.4e-002, 8.4e-002
Plate[1], 2019/2/28, 20:54:10, 0.149, 8.5e-002, 8.3e-002, 8.5e-002, 0.132, 8.6e-002, 8.5e-002, 8.3e-002, 0.167, 8.1e-002, 8.2e-002, 8.3e-002, 0.139, 8.3e-002, 8.3e-002, 8.3e-002, 0.154, 8.2e-002, 8.4e-002, 0.192, 0.141, 8.3e-002, 8.2e-002, 8.3e-002, 0.156, 7.8e-002, 8.3e-002, 0.114, 0.163, 0.106, 0.108, 0.112, 0.158, 7.7e-002, 8.2e-002, 9.4e-002, 0.142, 0.117, 0.112, 0.114, 0.156, 7.7e-002, 7.8e-002, 7.9e-002, 0.127, 8.3e-002, 0.119, 0.389
Plate[0], 2019/2/28, 21:00:46, 0.161, 8.4e-002, 8.2e-002, 8.3e-002, 0.165, 8.4e-002, 8.5e-002, 8.6e-002, 0.151, 8.3e-002, 8.3e-002, 8.3e-002, 0.17, 8.4e-002, 8.6e-002, 8.4e-002, 0.159, 8.2e-002, 0.163, 8.8e-002, 0.188, 8.3e-002, 8.3e-002, 8.3e-002, 0.167, 7.9e-002, 8.1e-002, 0.103, 0.176, 0.112, 0.111, 0.117, 0.168, 7.8e-002, 8.e-002, 8.5e-002, 0.166, 0.112, 0.116, 0.131, 0.163, 7.7e-002, 7.8e-002, 8.2e-002, 0.149, 8.e-002, 8.4e-002, 8.4e-002
Plate[1], 2019/2/28, 21:07:18, 0.156, 8.5e-002, 8.3e-002, 8.5e-002, 0.135, 8.6e-002, 8.5e-002, 8.3e-002, 0.172, 8.1e-002, 8.2e-002, 8.3e-002, 0.139, 8.3e-002, 8.3e-002, 8.3e-002, 0.16, 8.2e-002, 8.4e-002, 0.193, 0.14, 8.3e-002, 8.2e-002, 8.3e-002, 0.164, 7.7e-002, 8.3e-002, 0.112, 0.166, 0.105, 0.108, 0.111, 0.165, 7.7e-002, 8.2e-002, 9.1e-002, 0.143, 0.117, 0.112, 0.114, 0.163, 7.7e-002, 7.8e-002, 7.9e-002, 0.131, 8.3e-002, 0.115, 0.386
Plate[0], 2019/2/28, 21:13:54, 0.17, 8.4e-002, 8.2e-002, 8.3e-002, 0.172, 8.4e-002, 8.5e-002, 8.6e-002, 0.159, 8.3e-002, 8.3e-002, 8.3e-002, 0.174, 8.4e-002, 8.6e-002, 8.5e-002, 0.165, 8.2e-002, 0.157, 8.8e-002, 0.195, 8.3e-002, 8.4e-002, 8.3e-002, 0.177, 7.8e-002, 8.1e-002, 9.9e-002, 0.184, 0.112, 0.111, 0.117, 0.177, 7.8e-002, 8.e-002, 8.4e-002, 0.168, 0.111, 0.116, 0.131, 0.172, 7.7e-002, 7.8e-002, 8.2e-002, 0.155, 8.e-002, 8.4e-002, 8.4e-002
Plate[1], 2019/2/28, 21:20:26, 0.164, 8.5e-002, 8.3e-002, 8.5e-002, 0.137, 8.6e-002, 8.5e-002, 8.3e-002, 0.181, 8.1e-002, 8.2e-002, 8.3e-002, 0.143, 8.3e-002, 8.3e-002, 8.3e-002, 0.172, 8.2e-002, 8.4e-002, 0.195, 0.143, 8.3e-002, 8.2e-002, 8.3e-002, 0.174, 7.7e-002, 8.2e-002, 0.11, 0.169, 0.103, 0.108, 0.111, 0.175, 7.7e-002, 8.1e-002, 9.e-002, 0.147, 0.117, 0.112, 0.114, 0.174, 7.7e-002, 7.8e-002, 7.9e-002, 0.135, 8.3e-002, 0.115, 0.381
Plate[0], 2019/2/28, 21:27:03, 0.178, 8.4e-002, 8.2e-002, 8.3e-002, 0.179, 8.4e-002, 8.5e-002, 8.6e-002, 0.171, 8.3e-002, 8.3e-002, 8.3e-002, 0.183, 8.4e-002, 8.6e-002, 8.5e-002, 0.175, 8.2e-002, 0.153, 8.8e-002, 0.205, 8.3e-002, 8.4e-002, 8.3e-002, 0.186, 7.9e-002, 8.2e-002, 0.101, 0.193, 0.113, 0.111, 0.117, 0.188, 7.9e-002, 8.1e-002, 8.4e-002, 0.176, 0.111, 0.116, 0.131, 0.183, 7.7e-002, 7.8e-002, 8.2e-002, 0.162, 8.e-002, 8.4e-002, 8.4e-002
Plate[1], 2019/2/28, 21:33:35, 0.173, 8.4e-002, 8.3e-002, 8.5e-002, 0.141, 8.6e-002, 8.5e-002, 8.3e-002, 0.193, 8.1e-002, 8.2e-002, 8.3e-002, 0.145, 8.3e-002, 8.3e-002, 8.3e-002, 0.181, 8.2e-002, 8.4e-002, 0.196, 0.146, 8.3e-002, 8.2e-002, 8.3e-002, 0.185, 7.7e-002, 8.2e-002, 0.109, 0.172, 0.101, 0.108, 0.111, 0.187, 7.7e-002, 8.1e-002, 9.1e-002, 0.145, 0.116, 0.112, 0.114, 0.184, 7.7e-002, 7.8e-002, 7.9e-002, 0.137, 8.3e-002, 0.115, 0.386
Plate[0], 2019/2/28, 21:40:11, 0.186, 8.4e-002, 8.3e-002, 8.4e-002, 0.186, 8.4e-002, 8.5e-002, 8.6e-002, 0.176, 8.3e-002, 8.3e-002, 8.3e-002, 0.192, 8.4e-002, 8.6e-002, 8.5e-002, 0.182, 8.2e-002, 0.147, 8.7e-002, 0.213, 8.3e-002, 8.4e-002, 8.3e-002, 0.199, 7.9e-002, 8.2e-002, 0.1, 0.203, 0.113, 0.11, 0.118, 0.201, 7.9e-002, 8.1e-002, 8.5e-002, 0.186, 0.111, 0.116, 0.131, 0.197, 7.7e-002, 7.8e-002, 8.2e-002, 0.171, 8.e-002, 8.4e-002, 8.4e-002
Plate[1], 2019/2/28, 21:46:43, 0.184, 8.5e-002, 8.3e-002, 8.5e-002, 0.146, 8.6e-002, 8.5e-002, 8.3e-002, 0.203, 8.1e-002, 8.2e-002, 8.3e-002, 0.149, 8.3e-002, 8.3e-002, 8.3e-002, 0.19, 8.2e-002, 8.4e-002, 0.197, 0.148, 8.3e-002, 8.2e-002, 8.3e-002, 0.199, 7.8e-002, 8.3e-002, 0.11, 0.173, 0.101, 0.108, 0.111, 0.198, 7.7e-002, 8.2e-002, 9.1e-002, 0.152, 0.116, 0.112, 0.114, 0.197, 7.7e-002, 7.8e-002, 7.8e-002, 0.142, 8.3e-002, 0.118, 0.382
Plate[0], 2019/2/28, 21:53:19, 0.198, 8.4e-002, 8.2e-002, 8.3e-002, 0.197, 8.4e-002, 8.5e-002, 8.5e-002, 0.187, 8.3e-002, 8.3e-002, 8.3e-002, 0.199, 8.4e-002, 8.6e-002, 8.4e-002, 0.193, 8.2e-002, 0.14, 8.7e-002, 0.22, 8.3e-002, 8.4e-002, 8.3e-002, 0.21, 7.8e-002, 8.2e-002, 9.6e-002, 0.212, 0.113, 0.11, 0.118, 0.213, 7.9e-002, 8.1e-002, 8.5e-002, 0.192, 0.111, 0.115, 0.13, 0.208, 7.7e-002, 7.8e-002, 8.2e-002, 0.175, 8.e-002, 8.4e-002, 8.4e-002
Plate[1], 2019/2/28, 21:59:51, 0.191, 8.5e-002, 8.3e-002, 8.5e-002, 0.151, 8.6e-002, 8.5e-002, 8.3e-002, 0.215, 8.1e-002, 8.2e-002, 8.3e-002, 0.154, 8.3e-002, 8.3e-002, 8.3e-002, 0.201, 8.2e-002, 8.4e-002, 0.194, 0.151, 8.3e-002, 8.2e-002, 8.3e-002, 0.209, 7.8e-002, 8.2e-002, 0.107, 0.18, 9.9e-002, 0.108, 0.11, 0.21, 7.7e-002, 8.1e-002, 9.e-002, 0.156, 0.116, 0.112, 0.114, 0.21, 7.7e-002, 7.8e-002, 7.9e-002, 0.146, 8.4e-002, 0.113, 0.377
Plate[0], 2019/2/28, 22:06:27, 0.241, 8.4e-002, 8.2e-002, 8.3e-002, 0.207, 8.4e-002, 8.5e-002, 8.6e-002, 0.197, 8.3e-002, 8.3e-002, 8.3e-002, 0.212, 8.4e-002, 8.6e-002, 8.5e-002, 0.204, 8.2e-002, 0.133, 8.7e-002, 0.229, 8.3e-002, 8.4e-002, 8.3e-002, 0.227, 7.8e-002, 8.2e-002, 9.6e-002, 0.224, 0.113, 0.11, 0.118, 0.228, 7.8e-002, 8.e-002, 8.5e-002, 0.202, 0.11, 0.115, 0.13, 0.223, 7.7e-002, 7.8e-002, 8.2e-002, 0.189, 8.e-002, 8.4e-002, 8.4e-002
Plate[1], 2019/2/28, 22:12:59, 0.205, 8.5e-002, 8.3e-002, 8.5e-002, 0.153, 8.6e-002, 8.5e-002, 8.3e-002, 0.228, 8.2e-002, 8.2e-002, 8.3e-002, 0.161, 8.3e-002, 8.3e-002, 8.3e-002, 0.217, 8.2e-002, 8.4e-002, 0.197, 0.154, 8.3e-002, 8.2e-002, 8.3e-002, 0.226, 7.7e-002, 8.2e-002, 0.106, 0.183, 9.8e-002, 0.107, 0.11, 0.226, 7.7e-002, 8.1e-002, 8.9e-002, 0.157, 0.116, 0.112, 0.114, 0.226, 7.7e-002, 7.8e-002, 7.9e-002, 0.152, 8.3e-002, 0.114, 0.382
Plate[0], 2019/2/28, 22:19:36, 0.226, 8.4e-002, 8.2e-002, 8.4e-002, 0.222, 8.4e-002, 8.5e-002, 8.6e-002, 0.212, 8.3e-002, 8.3e-002, 8.3e-002, 0.229, 8.4e-002, 8.6e-002, 8.5e-002, 0.217, 8.2e-002, 0.134, 8.8e-002, 0.249, 8.3e-002, 8.4e-002, 8.3e-002, 0.245, 7.9e-002, 8.4e-002, 0.103, 0.245, 0.114, 0.112, 0.119, 0.247, 7.9e-002, 8.2e-002, 8.8e-002, 0.221, 0.115, 0.116, 0.133, 0.237, 7.7e-002, 7.8e-002, 8.3e-002, 0.201, 8.1e-002, 8.6e-002, 8.7e-002
Plate[1], 2019/2/28, 22:26:08, 0.221, 8.5e-002, 8.3e-002, 8.4e-002, 0.162, 8.6e-002, 8.5e-002, 8.3e-002, 0.242, 8.2e-002, 8.2e-002, 8.3e-002, 0.174, 8.3e-002, 8.3e-002, 8.3e-002, 0.232, 8.2e-002, 8.4e-002, 0.206, 0.167, 8.3e-002, 8.2e-002, 8.3e-002, 0.246, 7.9e-002, 8.5e-002, 0.116, 0.194, 0.106, 0.111, 0.116, 0.245, 7.8e-002, 8.3e-002, 9.8e-002, 0.172, 0.121, 0.113, 0.115, 0.243, 7.7e-002, 7.8e-002, 7.9e-002, 0.158, 8.4e-002, 0.111, 0.38
Plate[0], 2019/2/28, 22:32:44, 0.243, 8.4e-002, 8.2e-002, 8.4e-002, 0.247, 8.4e-002, 8.6e-002, 8.6e-002, 0.227, 8.3e-002, 8.3e-002, 8.3e-002, 0.248, 8.4e-002, 8.6e-002, 8.5e-002, 0.234, 8.2e-002, 0.138, 8.9e-002, 0.277, 8.3e-002, 8.4e-002, 8.3e-002, 0.264, 8.4e-002, 9.6e-002, 0.117, 0.268, 0.119, 0.114, 0.122, 0.266, 8.2e-002, 8.9e-002, 0.1, 0.252, 0.124, 0.119, 0.139, 0.259, 7.7e-002, 7.9e-002, 8.4e-002, 0.211, 8.3e-002, 8.9e-002, 9.5e-002
Plate[1], 2019/2/28, 22:39:16, 0.239, 8.4e-002, 8.3e-002, 8.5e-002, 0.169, 8.6e-002, 8.5e-002, 8.4e-002, 0.267, 8.2e-002, 8.2e-002, 8.3e-002, 0.186, 8.3e-002, 8.3e-002, 8.3e-002, 0.248, 8.2e-002, 8.4e-002, 0.215, 0.182, 8.3e-002, 8.2e-002, 8.3e-002, 0.269, 9.2e-002, 9.7e-002, 0.142, 0.209, 0.119, 0.116, 0.125, 0.268, 8.4e-002, 9.7e-002, 0.121, 0.191, 0.132, 0.116, 0.118, 0.262, 7.8e-002, 7.9e-002, 8.1e-002, 0.167, 8.9e-002, 0.112, 0.38
Plate[0], 2019/2/28, 22:45:52, 0.265, 8.4e-002, 8.2e-002, 8.3e-002, 0.268, 8.4e-002, 8.6e-002, 8.6e-002, 0.24, 8.3e-002, 8.3e-002, 8.3e-002, 0.263, 8.4e-002, 8.6e-002, 8.5e-002, 0.249, 8.3e-002, 0.141, 8.9e-002, 0.298, 8.3e-002, 8.4e-002, 8.3e-002, 0.284, 9.9e-002, 0.1, 0.131, 0.294, 0.124, 0.116, 0.125, 0.288, 8.4e-002, 9.6e-002, 0.104, 0.277, 0.131, 0.124, 0.145, 0.278, 7.8e-002, 7.9e-002, 8.4e-002, 0.228, 8.4e-002, 8.9e-002, 9.3e-002
Plate[1], 2019/2/28, 22:52:24, 0.253, 8.5e-002, 8.3e-002, 8.5e-002, 0.17, 8.6e-002, 8.5e-002, 8.4e-002, 0.281, 8.2e-002, 8.2e-002, 8.3e-002, 0.198, 8.3e-002, 8.3e-002, 8.3e-002, 0.268, 8.2e-002, 8.4e-002, 0.217, 0.193, 8.3e-002, 8.2e-002, 8.3e-002, 0.287, 9.4e-002, 0.101, 0.155, 0.222, 0.126, 0.12, 0.129, 0.287, 8.4e-002, 9.8e-002, 0.13, 0.203, 0.139, 0.119, 0.12, 0.278, 7.8e-002, 7.9e-002, 8.1e-002, 0.17, 8.8e-002, 0.113, 0.38
Plate[0], 2019/2/28, 22:59:00, 0.277, 8.4e-002, 8.3e-002, 8.4e-002, 0.285, 8.4e-002, 8.5e-002, 8.6e-002, 0.258, 8.3e-002, 8.3e-002, 8.3e-002, 0.284, 8.4e-002, 8.6e-002, 8.5e-002, 0.265, 8.2e-002, 0.14, 8.9e-002, 0.321, 8.3e-002, 8.4e-002, 8.3e-002, 0.307, 8.8e-002, 0.103, 0.135, 0.317, 0.128, 0.118, 0.128, 0.308, 8.4e-002, 9.5e-002, 0.108, 0.3, 0.136, 0.128, 0.149, 0.298, 7.8e-002, 7.9e-002, 8.5e-002, 0.247, 8.4e-002, 9.e-002, 9.5e-002
Plate[1], 2019/2/28, 23:05:32, 0.273, 8.5e-002, 8.3e-002, 8.5e-002, 0.179, 8.6e-002, 8.5e-002, 8.4e-002, 0.302, 8.2e-002, 8.2e-002, 8.3e-002, 0.204, 8.3e-002, 8.3e-002, 8.3e-002, 0.286, 8.2e-002, 8.4e-002, 0.218, 0.201, 8.3e-002, 8.2e-002, 8.3e-002, 0.308, 9.2e-002, 0.103, 0.161, 0.237, 0.131, 0.124, 0.133, 0.308, 8.4e-002, 9.8e-002, 0.135, 0.213, 0.144, 0.122, 0.122, 0.3, 7.8e-002, 8.e-002, 8.2e-002, 0.179, 8.9e-002, 0.112, 0.38
Plate[0], 2019/2/28, 23:12:09, 0.297, 8.4e-002, 8.3e-002, 8.4e-002, 0.303, 8.4e-002, 8.6e-002, 8.6e-002, 0.274, 8.3e-002, 8.3e-002, 8.3e-002, 0.304, 8.4e-002, 8.6e-002, 8.5e-002, 0.283, 8.3e-002, 0.138, 8.9e-002, 0.34, 8.4e-002, 8.4e-002, 8.3e-002, 0.331, 8.6e-002, 0.1, 0.133, 0.343, 0.131, 0.12, 0.13, 0.334, 8.3e-002, 9.1e-002, 0.107, 0.318, 0.139, 0.131, 0.151, 0.32, 7.8e-002, 7.9e-002, 8.5e-002, 0.256, 8.4e-002, 9.e-002, 9.4e-002
Plate[1], 2019/2/28, 23:18:41, 0.293, 8.4e-002, 8.3e-002, 8.5e-002, 0.184, 8.6e-002, 8.4e-002, 8.4e-002, 0.322, 8.1e-002, 8.2e-002, 8.3e-002, 0.211, 8.3e-002, 8.3e-002, 8.3e-002, 0.305, 8.2e-002, 8.4e-002, 0.22, 0.206, 8.3e-002, 8.2e-002, 8.3e-002, 0.331, 8.5e-002, 9.7e-002, 0.158, 0.244, 0.132, 0.125, 0.133, 0.33, 8.1e-002, 9.e-002, 0.13, 0.217, 0.145, 0.123, 0.124, 0.325, 7.8e-002, 7.9e-002, 8.1e-002, 0.181, 8.7e-002, 0.111, 0.376
Plate[0], 2019/2/28, 23:25:17, 0.321, 8.4e-002, 8.3e-002, 8.4e-002, 0.319, 8.3e-002, 8.6e-002, 8.6e-002, 0.293, 8.3e-002, 8.3e-002, 8.3e-002, 0.318, 8.4e-002, 8.6e-002, 8.5e-002, 0.3, 8.2e-002, 0.137, 8.9e-002, 0.357, 8.3e-002, 8.4e-002, 8.3e-002, 0.356, 8.5e-002, 9.8e-002, 0.131, 0.365, 0.132, 0.122, 0.132, 0.362, 8.3e-002, 9.e-002, 0.106, 0.337, 0.14, 0.134, 0.153, 0.345, 7.8e-002, 7.9e-002, 8.5e-002, 0.276, 8.4e-002, 9.e-002, 9.4e-002
Plate[1], 2019/2/28, 23:31:49, 0.31, 8.5e-002, 8.3e-002, 8.5e-002, 0.193, 8.6e-002, 8.5e-002, 8.4e-002, 0.345, 8.1e-002, 8.2e-002, 8.3e-002, 0.218, 8.3e-002, 8.3e-002, 8.3e-002, 0.33, 8.2e-002, 8.4e-002, 0.222, 0.213, 8.3e-002, 8.2e-002, 8.3e-002, 0.356, 8.6e-002, 9.7e-002, 0.159, 0.251, 0.133, 0.126, 0.134, 0.359, 8.2e-002, 9.1e-002, 0.129, 0.222, 0.147, 0.125, 0.126, 0.347, 7.8e-002, 8.e-002, 8.2e-002, 0.19, 8.8e-002, 0.111, 0.375
Plate[0], 2019/2/28, 23:38:25, 0.343, 8.4e-002, 8.2e-002, 8.4e-002, 0.347, 8.3e-002, 8.6e-002, 8.6e-002, 0.317, 8.3e-002, 8.3e-002, 8.3e-002, 0.343, 8.4e-002, 8.6e-002, 8.5e-002, 0.325, 8.2e-002, 0.135, 8.9e-002, 0.381, 8.3e-002, 8.4e-002, 8.3e-002, 0.384, 8.5e-002, 9.8e-002, 0.131, 0.388, 0.135, 0.123, 0.135, 0.385, 8.3e-002, 9.1e-002, 0.108, 0.36, 0.141, 0.138, 0.155, 0.377, 7.8e-002, 8.e-002, 8.6e-002, 0.297, 8.5e-002, 9.2e-002, 9.8e-002
Plate[1], 2019/2/28, 23:44:57, 0.338, 8.5e-002, 8.3e-002, 8.5e-002, 0.202, 8.6e-002, 8.5e-002, 8.4e-002, 0.368, 8.1e-002, 8.2e-002, 8.3e-002, 0.225, 8.3e-002, 8.3e-002, 8.3e-002, 0.354, 8.2e-002, 8.4e-002, 0.223, 0.221, 8.3e-002, 8.2e-002, 8.3e-002, 0.381, 8.5e-002, 9.5e-002, 0.158, 0.259, 0.134, 0.127, 0.135, 0.382, 8.1e-002, 9.e-002, 0.129, 0.232, 0.148, 0.127, 0.127, 0.379, 7.8e-002, 8.e-002, 8.2e-002, 0.195, 8.8e-002, 0.112, 0.377
Plate[0], 2019/2/28, 23:51:34, 0.369, 8.4e-002, 8.2e-002, 8.4e-002, 0.37, 8.3e-002, 8.6e-002, 8.6e-002, 0.337, 8.3e-002, 8.3e-002, 8.3e-002, 0.369, 8.4e-002, 8.6e-002, 8.4e-002, 0.346, 8.2e-002, 0.133, 9.e-002, 0.406, 8.3e-002, 8.4e-002, 8.3e-002, 0.413, 8.4e-002, 9.6e-002, 0.128, 0.418, 0.135, 0.124, 0.137, 0.417, 8.3e-002, 9.e-002, 0.105, 0.382, 0.142, 0.141, 0.156, 0.405, 7.8e-002, 7.9e-002, 8.5e-002, 0.32, 8.5e-002, 9.2e-002, 9.7e-002
Plate[1], 2019/2/28, 23:58:06, 0.366, 8.5e-002, 8.3e-002, 8.5e-002, 0.209, 8.6e-002, 8.4e-002, 8.4e-002, 0.395, 8.2e-002, 8.2e-002, 8.3e-002, 0.235, 8.3e-002, 8.3e-002, 8.3e-002, 0.382, 8.2e-002, 8.4e-002, 0.225, 0.227, 8.3e-002, 8.2e-002, 8.3e-002, 0.413, 8.7e-002, 9.7e-002, 0.16, 0.266, 0.135, 0.129, 0.137, 0.415, 8.1e-002, 8.9e-002, 0.131, 0.242, 0.149, 0.129, 0.13, 0.409, 7.8e-002, 8.e-002, 8.2e-002, 0.206, 9.e-002, 0.111, 0.369
Plate[0], 2019/2/28, 00:04:42, 0.398, 8.4e-002, 8.2e-002, 8.4e-002, 0.403, 8.3e-002, 8.6e-002, 8.6e-002, 0.367, 8.3e-002, 8.3e-002, 8.3e-002, 0.392, 8.4e-002, 8.6e-002, 8.5e-002, 0.368, 8.3e-002, 0.131, 9.e-002, 0.434, 8.3e-002, 8.4e-002, 8.3e-002, 0.448, 8.5e-002, 9.7e-002, 0.13, 0.443, 0.138, 0.127, 0.141, 0.451, 8.3e-002, 9.1e-002, 0.109, 0.412, 0.143, 0.146, 0.156, 0.44, 7.8e-002, 8.e-002, 8.6e-002, 0.344, 8.6e-002, 9.4e-002, 0.1
Plate[1], 2019/2/28, 00:11:14, 0.392, 8.5e-002, 8.3e-002, 8.5e-002, 0.215, 8.6e-002, 8.5e-002, 8.4e-002, 0.427, 8.2e-002, 8.2e-002, 8.3e-002, 0.244, 8.3e-002, 8.3e-002, 8.3e-002, 0.413, 8.2e-002, 8.4e-002, 0.228, 0.234, 8.3e-002, 8.2e-002, 8.3e-002, 0.45, 8.8e-002, 9.9e-002, 0.162, 0.276, 0.137, 0.13, 0.138, 0.447, 8.2e-002, 9.2e-002, 0.133, 0.245, 0.151, 0.132, 0.133, 0.44, 7.8e-002, 8.e-002, 8.2e-002, 0.214, 9.1e-002, 0.112, 0.374
Plate[0], 2019/2/28, 00:17:50, 0.423, 8.4e-002, 8.2e-002, 8.4e-002, 0.427, 8.3e-002, 8.6e-002, 8.6e-002, 0.391, 8.3e-002, 8.3e-002, 8.3e-002, 0.419, 8.4e-002, 8.6e-002, 8.5e-002, 0.399, 8.2e-002, 0.13, 9.1e-002, 0.451, 8.3e-002, 8.4e-002, 8.3e-002, 0.487, 8.5e-002, 9.7e-002, 0.13, 0.476, 0.139, 0.128, 0.143, 0.491, 8.3e-002, 9.1e-002, 0.107, 0.432, 0.144, 0.15, 0.157, 0.475, 7.8e-002, 8.e-002, 8.6e-002, 0.367, 8.6e-002, 9.3e-002, 9.7e-002
Plate[1], 2019/2/28, 00:24:22, 0.423, 8.5e-002, 8.3e-002, 8.5e-002, 0.234, 8.6e-002, 8.4e-002, 8.4e-002, 0.454, 8.1e-002, 8.2e-002, 8.3e-002, 0.256, 8.3e-002, 8.3e-002, 8.3e-002, 0.441, 8.2e-002, 8.4e-002, 0.232, 0.245, 8.3e-002, 8.2e-002, 8.3e-002, 0.487, 8.7e-002, 9.7e-002, 0.161, 0.287, 0.137, 0.131, 0.139, 0.483, 8.2e-002, 9.1e-002, 0.132, 0.255, 0.151, 0.134, 0.135, 0.477, 7.8e-002, 8.e-002, 8.2e-002, 0.224, 9.e-002, 0.111, 0.376
Plate[0], 2019/2/28, 00:30:59, 0.465, 8.4e-002, 8.2e-002, 8.4e-002, 0.46, 8.3e-002, 8.6e-002, 8.6e-002, 0.421, 8.3e-002, 8.3e-002, 8.3e-002, 0.446, 8.4e-002, 8.6e-002, 8.5e-002, 0.43, 8.2e-002, 0.13, 9.1e-002, 0.483, 8.3e-002, 8.4e-002, 8.3e-002, 0.519, 8.6e-002, 0.1, 0.133, 0.511, 0.141, 0.13, 0.147, 0.525, 8.4e-002, 9.3e-002, 0.111, 0.47, 0.145, 0.155, 0.161, 0.516, 7.9e-002, 8.e-002, 8.7e-002, 0.398, 8.6e-002, 9.5e-002, 0.101
Plate[1], 2019/2/28, 00:37:30, 0.452, 8.5e-002, 8.3e-002, 8.5e-002, 0.237, 8.6e-002, 8.4e-002, 8.4e-002, 0.495, 8.1e-002, 8.2e-002, 8.3e-002, 0.267, 8.3e-002, 8.3e-002, 8.3e-002, 0.477, 8.2e-002, 8.4e-002, 0.237, 0.257, 8.3e-002, 8.2e-002, 8.3e-002, 0.521, 9.3e-002, 0.104, 0.167, 0.302, 0.139, 0.133, 0.141, 0.519, 8.4e-002, 9.6e-002, 0.138, 0.267, 0.153, 0.138, 0.138, 0.513, 7.8e-002, 8.e-002, 8.3e-002, 0.234, 9.2e-002, 0.111, 0.371
Plate[0], 2019/2/28, 00:44:07, 0.497, 8.5e-002, 8.2e-002, 8.4e-002, 0.494, 8.3e-002, 8.6e-002, 8.6e-002, 0.455, 8.3e-002, 8.3e-002, 8.3e-002, 0.478, 8.4e-002, 8.6e-002, 8.5e-002, 0.459, 8.2e-002, 0.13, 9.2e-002, 0.521, 8.4e-002, 8.4e-002, 8.3e-002, 0.554, 9.e-002, 0.107, 0.141, 0.552, 0.144, 0.132, 0.152, 0.558, 8.6e-002, 0.1, 0.115, 0.507, 0.147, 0.161, 0.161, 0.551, 7.9e-002, 8.1e-002, 8.8e-002, 0.429, 8.8e-002, 9.8e-002, 0.107
Plate[1], 2019/2/28, 00:50:39, 0.492, 8.5e-002, 8.3e-002, 8.4e-002, 0.251, 8.6e-002, 8.4e-002, 8.4e-002, 0.527, 8.1e-002, 8.2e-002, 8.3e-002, 0.278, 8.3e-002, 8.3e-002, 8.3e-002, 0.518, 8.2e-002, 8.4e-002, 0.238, 0.266, 8.3e-002, 8.2e-002, 8.3e-002, 0.553, 9.3e-002, 0.106, 0.17, 0.305, 0.14, 0.134, 0.142, 0.553, 8.5e-002, 9.8e-002, 0.142, 0.284, 0.155, 0.142, 0.141, 0.545, 7.8e-002, 8.e-002, 8.4e-002, 0.248, 9.4e-002, 0.112, 0.372
Plate[0], 2019/2/28, 00:57:15, 0.533, 8.5e-002, 8.3e-002, 8.4e-002, 0.538, 8.3e-002, 8.6e-002, 8.6e-002, 0.488, 8.3e-002, 8.3e-002, 8.3e-002, 0.515, 8.4e-002, 8.6e-002, 8.4e-002, 0.5, 8.2e-002, 0.132, 9.3e-002, 0.55, 8.4e-002, 8.4e-002, 8.3e-002, 0.589, 9.e-002, 0.108, 0.145, 0.585, 0.146, 0.136, 0.156, 0.598, 8.7e-002, 0.101, 0.116, 0.549, 0.149, 0.166, 0.164, 0.59, 7.9e-002, 8.1e-002, 8.9e-002, 0.459, 8.9e-002, 9.9e-002, 0.109
Plate[1], 2019/2/28, 01:03:47, 0.527, 8.4e-002, 8.3e-002, 8.5e-002, 0.262, 8.6e-002, 8.4e-002, 8.4e-002, 0.563, 8.1e-002, 8.2e-002, 8.3e-002, 0.298, 8.3e-002, 8.3e-002, 8.3e-002, 0.554, 8.2e-002, 8.4e-002, 0.242, 0.281, 8.3e-002, 8.2e-002, 8.3e-002, 0.599, 0.102, 0.108, 0.176, 0.327, 0.143, 0.137, 0.144, 0.594, 9.e-002, 0.106, 0.148, 0.293, 0.157, 0.147, 0.145, 0.585, 7.9e-002, 8.1e-002, 8.4e-002, 0.263, 9.7e-002, 0.111, 0.371
Plate[0], 2019/2/28, 01:10:23, 0.563, 8.5e-002, 8.2e-002, 8.4e-002, 0.575, 8.3e-002, 8.6e-002, 8.6e-002, 0.521, 8.3e-002, 8.3e-002, 8.3e-002, 0.555, 8.4e-002, 8.6e-002, 8.5e-002, 0.526, 8.3e-002, 0.13, 9.3e-002, 0.587, 8.4e-002, 8.4e-002, 8.3e-002, 0.632, 9.e-002, 0.11, 0.148, 0.623, 0.149, 0.139, 0.16, 0.638, 8.7e-002, 0.101, 0.118, 0.579, 0.151, 0.168, 0.16, 0.627, 8.e-002, 8.2e-002, 8.9e-002, 0.493, 8.9e-002, 0.1, 0.109
Plate[1], 2019/2/28, 01:16:55, 0.557, 8.5e-002, 8.3e-002, 8.5e-002, 0.271, 8.6e-002, 8.4e-002, 8.4e-002, 0.592, 8.1e-002, 8.2e-002, 8.3e-002, 0.302, 8.3e-002, 8.3e-002, 8.3e-002, 0.581, 8.2e-002, 8.4e-002, 0.238, 0.289, 8.3e-002, 8.2e-002, 8.3e-002, 0.627, 9.2e-002, 0.102, 0.175, 0.338, 0.143, 0.137, 0.144, 0.623, 8.5e-002, 9.6e-002, 0.146, 0.309, 0.157, 0.15, 0.146, 0.622, 7.8e-002, 8.e-002, 8.3e-002, 0.27, 9.3e-002, 0.111, 0.369
Plate[0], 2019/2/28, 01:23:32, 0.597, 8.5e-002, 8.3e-002, 8.4e-002, 0.603, 8.3e-002, 8.6e-002, 8.6e-002, 0.552, 8.3e-002, 8.3e-002, 8.3e-002, 0.583, 8.4e-002, 8.6e-002, 8.5e-002, 0.561, 8.2e-002, 0.125, 9.1e-002, 0.615, 8.4e-002, 8.4e-002, 8.3e-002, 0.667, 8.6e-002, 9.8e-002, 0.14, 0.664, 0.149, 0.138, 0.16, 0.677, 8.4e-002, 9.2e-002, 0.107, 0.609, 0.15, 0.166, 0.16, 0.669, 7.9e-002, 8.1e-002, 8.7e-002, 0.527, 8.7e-002, 9.5e-002, 0.1
Plate[1], 2019/2/28, 01:30:03, 0.591, 8.5e-002, 8.3e-002, 8.5e-002, 0.283, 8.6e-002, 8.5e-002, 8.4e-002, 0.63, 8.2e-002, 8.2e-002, 8.3e-002, 0.32, 8.3e-002, 8.3e-002, 8.3e-002, 0.622, 8.2e-002, 8.4e-002, 0.237, 0.298, 8.3e-002, 8.2e-002, 8.3e-002, 0.663, 8.7e-002, 9.6e-002, 0.169, 0.347, 0.142, 0.138, 0.144, 0.662, 8.2e-002, 9.1e-002, 0.14, 0.314, 0.156, 0.15, 0.147, 0.661, 7.8e-002, 8.e-002, 8.2e-002, 0.281, 9.2e-002, 0.111, 0.368
Plate[0], 2019/2/28, 01:36:40, 0.636, 8.4e-002, 8.2e-002, 8.4e-002, 0.636, 8.3e-002, 8.6e-002, 8.6e-002, 0.587, 8.3e-002, 8.3e-002, 8.3e-002, 0.609, 8.4e-002, 8.6e-002, 8.4e-002, 0.594, 8.2e-002, 0.122, 9.1e-002, 0.649, 8.3e-002, 8.4e-002, 8.3e-002, 0.71, 8.5e-002, 9.6e-002, 0.135, 0.698, 0.149, 0.14, 0.163, 0.717, 8.3e-002, 9.1e-002, 0.106, 0.643, 0.15, 0.167, 0.163, 0.711, 7.9e-002, 8.e-002, 8.7e-002, 0.564, 8.7e-002, 9.7e-002, 0.104
Plate[1], 2019/2/28, 01:43:12, 0.632, 8.5e-002, 8.3e-002, 8.5e-002, 0.298, 8.6e-002, 8.5e-002, 8.4e-002, 0.664, 8.1e-002, 8.2e-002, 8.3e-002, 0.329, 8.3e-002, 8.3e-002, 8.3e-002, 0.666, 8.2e-002, 8.4e-002, 0.243, 0.307, 8.3e-002, 8.2e-002, 8.3e-002, 0.708, 8.9e-002, 0.1, 0.17, 0.362, 0.143, 0.139, 0.145, 0.705, 8.4e-002, 9.4e-002, 0.141, 0.329, 0.157, 0.155, 0.151, 0.706, 7.8e-002, 8.e-002, 8.4e-002, 0.296, 9.7e-002, 0.111, 0.372
Plate[0], 2019/2/28, 01:49:48, 0.672, 8.5e-002, 8.3e-002, 8.4e-002, 0.677, 8.3e-002, 8.6e-002, 8.6e-002, 0.624, 8.3e-002, 8.3e-002, 8.3e-002, 0.65, 8.4e-002, 8.6e-002, 8.5e-002, 0.631, 8.3e-002, 0.123, 9.3e-002, 0.687, 8.4e-002, 8.4e-002, 8.3e-002, 0.751, 8.7e-002, 0.102, 0.138, 0.736, 0.151, 0.142, 0.168, 0.762, 8.5e-002, 9.5e-002, 0.114, 0.68, 0.151, 0.168, 0.167, 0.754, 8.e-002, 8.1e-002, 8.9e-002, 0.599, 8.9e-002, 0.1, 0.109
Plate[1], 2019/2/28, 01:56:20, 0.671, 8.5e-002, 8.3e-002, 8.5e-002, 0.312, 8.6e-002, 8.4e-002, 8.4e-002, 0.709, 8.2e-002, 8.2e-002, 8.3e-002, 0.346, 8.3e-002, 8.3e-002, 8.3e-002, 0.704, 8.2e-002, 8.4e-002, 0.246, 0.322, 8.3e-002, 8.2e-002, 8.3e-002, 0.75, 9.3e-002, 0.104, 0.173, 0.374, 0.145, 0.141, 0.147, 0.743, 8.5e-002, 9.6e-002, 0.145, 0.345, 0.158, 0.16, 0.156, 0.741, 7.8e-002, 8.1e-002, 8.4e-002, 0.317, 0.101, 0.111, 0.374
Plate[0], 2019/2/28, 02:02:56, 0.713, 8.5e-002, 8.3e-002, 8.4e-002, 0.72, 8.3e-002, 8.6e-002, 8.6e-002, 0.662, 8.3e-002, 8.3e-002, 8.3e-002, 0.684, 8.4e-002, 8.6e-002, 8.4e-002, 0.669, 8.2e-002, 0.122, 9.3e-002, 0.719, 8.4e-002, 8.4e-002, 8.3e-002, 0.796, 8.8e-002, 0.105, 0.143, 0.777, 0.153, 0.144, 0.17, 0.802, 8.6e-002, 9.8e-002, 0.12, 0.722, 0.152, 0.168, 0.17, 0.8, 8.e-002, 8.2e-002, 8.9e-002, 0.639, 9.e-002, 0.101, 0.11
Plate[1], 2019/2/28, 02:09:28, 0.708, 8.5e-002, 8.3e-002, 8.5e-002, 0.329, 8.6e-002, 8.5e-002, 8.4e-002, 0.74, 8.2e-002, 8.2e-002, 8.3e-002, 0.359, 8.3e-002, 8.3e-002, 8.3e-002, 0.746, 8.2e-002, 8.4e-002, 0.245, 0.341, 8.3e-002, 8.2e-002, 8.3e-002, 0.79, 9.4e-002, 0.106, 0.175, 0.392, 0.146, 0.143, 0.149, 0.787, 8.7e-002, 9.9e-002, 0.149, 0.36, 0.16, 0.163, 0.158, 0.784, 7.9e-002, 8.1e-002, 8.5e-002, 0.33, 0.102, 0.11, 0.367
Plate[0], 2019/2/28, 02:16:05, 0.77, 8.5e-002, 8.3e-002, 8.4e-002, 0.778, 8.3e-002, 8.7e-002, 8.6e-002, 0.71, 8.3e-002, 8.3e-002, 8.3e-002, 0.725, 8.4e-002, 8.6e-002, 8.5e-002, 0.723, 8.3e-002, 0.123, 9.2e-002, 0.762, 8.4e-002, 8.3e-002, 8.3e-002, 0.849, 0.107, 0.114, 0.162, 0.825, 0.16, 0.151, 0.176, 0.248, 0.158, 0.115, 0.12, 0.773, 0.156, 0.173, 0.171, 0.239, 0.135, 9.6e-002, 0.109, 0.687, 0.107, 0.11, 0.108
Plate[1], 2019/2/28, 02:22:36, 0.749, 8.5e-002, 8.3e-002, 8.5e-002, 0.347, 8.6e-002, 8.4e-002, 8.4e-002, 0.781, 8.2e-002, 8.2e-002, 8.3e-002, 0.38, 8.3e-002, 8.3e-002, 8.3e-002, 0.781, 8.2e-002, 8.4e-002, 0.246, 0.347, 8.3e-002, 8.2e-002, 8.3e-002, 0.831, 9.3e-002, 0.104, 0.175, 0.409, 0.147, 0.143, 0.149, 0.824, 8.6e-002, 9.7e-002, 0.149, 0.374, 0.16, 0.164, 0.159, 0.825, 7.8e-002, 8.1e-002, 8.6e-002, 0.35, 0.101, 0.111, 0.369
Plate[0], 2019/2/28, 02:29:13, 0.819, 8.4e-002, 8.3e-002, 8.4e-002, 0.821, 8.3e-002, 8.6e-002, 8.6e-002, 0.75, 8.3e-002, 8.3e-002, 8.3e-002, 0.769, 8.4e-002, 8.6e-002, 8.5e-002, 0.756, 8.3e-002, 0.118, 9.e-002, 0.801, 8.4e-002, 8.3e-002, 8.3e-002, 0.255, 0.147, 0.123, 0.175, 0.309, 0.163, 0.156, 0.178, 0.261, 0.154, 0.123, 0.129, 0.822, 0.158, 0.167, 0.168, 0.255, 0.136, 9.4e-002, 0.114, 0.733, 0.114, 0.118, 0.115
Plate[1], 2019/2/28, 02:35:45, 0.809, 8.5e-002, 8.3e-002, 8.5e-002, 0.363, 8.6e-002, 8.5e-002, 8.4e-002, 0.839, 8.2e-002, 8.2e-002, 8.3e-002, 0.401, 8.3e-002, 8.3e-002, 8.3e-002, 0.845, 8.2e-002, 8.4e-002, 0.247, 0.375, 8.3e-002, 8.2e-002, 8.3e-002, 0.236, 0.123, 0.128, 0.196, 0.441, 0.154, 0.152, 0.155, 0.243, 0.132, 0.121, 0.173, 0.406, 0.166, 0.176, 0.167, 0.25, 0.143, 0.1, 0.105, 0.381, 0.106, 0.11, 0.336
Plate[0], 2019/2/28, 02:42:21, 0.241, 7.8e-002, 8.2e-002, 8.3e-002, 0.272, 7.6e-002, 8.6e-002, 8.5e-002, 0.802, 8.3e-002, 8.3e-002, 8.3e-002, 0.811, 8.4e-002, 8.6e-002, 8.4e-002, 0.807, 8.2e-002, 0.122, 9.e-002, 0.846, 8.4e-002, 8.3e-002, 8.3e-002, 0.263, 0.143, 0.132, 0.187, 0.301, 0.138, 0.164, 0.182, 0.274, 0.152, 0.133, 0.137, 0.281, 0.18, 0.171, 0.165, 0.271, 0.137, 0.105, 0.117, 0.773, 0.109, 0.116, 0.12
Plate[1], 2019/2/28, 02:48:53, 0.231, 8.2e-002, 8.3e-002, 8.5e-002, 0.383, 8.6e-002, 8.4e-002, 8.4e-002, 0.248, 0.102, 8.2e-002, 8.3e-002, 0.429, 8.3e-002, 8.3e-002, 8.3e-002, 0.243, 0.101, 8.4e-002, 0.249, 0.398, 8.3e-002, 8.2e-002, 8.3e-002, 0.245, 0.12, 0.145, 0.21, 0.462, 0.163, 0.164, 0.163, 0.255, 0.129, 0.139, 0.189, 0.434, 0.173, 0.184, 0.174, 0.263, 0.142, 0.112, 0.119, 0.419, 0.118, 0.109, 0.338
Plate[0], 2019/2/28, 02:55:30, 0.246, 8.7e-002, 8.3e-002, 8.4e-002, 0.266, 8.4e-002, 8.6e-002, 8.4e-002, 0.847, 8.3e-002, 8.3e-002, 8.3e-002, 0.3, 7.6e-002, 8.6e-002, 8.3e-002, 0.254, 0.118, 0.126, 9.e-002, 0.31, 7.8e-002, 8.3e-002, 8.3e-002, 0.281, 0.141, 0.142, 0.195, 0.309, 0.13, 0.175, 0.186, 0.296, 0.153, 0.146, 0.146, 0.281, 0.149, 0.175, 0.165, 0.287, 0.14, 0.115, 0.127, 0.819, 0.115, 0.123, 0.127
Plate[1], 2019/2/28, 03:02:01, 0.235, 8.e-002, 8.3e-002, 8.5e-002, 0.403, 8.6e-002, 8.5e-002, 8.4e-002, 0.246, 9.9e-002, 8.2e-002, 8.3e-002, 0.453, 8.3e-002, 8.3e-002, 8.3e-002, 0.246, 9.8e-002, 8.4e-002, 0.256, 0.413, 8.3e-002, 8.2e-002, 8.3e-002, 0.263, 0.121, 0.133, 0.208, 0.477, 0.16, 0.164, 0.162, 0.273, 0.129, 0.133, 0.186, 0.445, 0.172, 0.174, 0.172, 0.28, 0.142, 9.9e-002, 0.114, 0.425, 0.119, 0.11, 0.339
Plate[0], 2019/2/28, 03:08:38, 0.258, 8.7e-002, 8.2e-002, 8.4e-002, 0.274, 8.5e-002, 8.6e-002, 8.4e-002, 0.244, 8.4e-002, 8.3e-002, 8.3e-002, 0.283, 8.6e-002, 8.6e-002, 8.3e-002, 0.255, 0.115, 0.128, 8.9e-002, 0.286, 8.7e-002, 8.3e-002, 8.3e-002, 0.296, 0.141, 0.144, 0.197, 0.318, 0.124, 0.174, 0.182, 0.311, 0.154, 0.146, 0.149, 0.285, 0.135, 0.17, 0.17, 0.31, 0.141, 0.108, 0.125, 0.282, 0.129, 0.127, 0.13
Plate[1], 2019/2/28, 03:15:10, 0.249, 8.5e-002, 8.3e-002, 8.5e-002, 0.418, 8.6e-002, 8.5e-002, 8.4e-002, 0.254, 9.8e-002, 8.2e-002, 8.3e-002, 0.47, 8.3e-002, 8.3e-002, 8.4e-002, 0.26, 9.8e-002, 8.4e-002, 0.262, 0.428, 8.3e-002, 8.2e-002, 8.3e-002, 0.28, 0.123, 0.116, 0.204, 0.497, 0.159, 0.164, 0.162, 0.29, 0.131, 0.113, 0.181, 0.464, 0.172, 0.174, 0.172, 0.301, 0.144, 8.5e-002, 0.106, 0.438, 0.124, 0.108, 0.337
Plate[0], 2019/2/28, 03:21:46, 0.275, 8.8e-002, 8.2e-002, 8.4e-002, 0.283, 8.6e-002, 8.6e-002, 8.4e-002, 0.248, 8.6e-002, 8.3e-002, 8.3e-002, 0.285, 8.6e-002, 8.6e-002, 8.3e-002, 0.269, 0.114, 0.123, 8.9e-002, 0.283, 8.8e-002, 8.3e-002, 8.3e-002, 0.312, 0.142, 0.131, 0.188, 0.328, 0.123, 0.168, 0.176, 0.327, 0.154, 0.121, 0.143, 0.296, 0.129, 0.166, 0.171, 0.327, 0.142, 8.8e-002, 0.106, 0.293, 0.12, 0.128, 0.129
Plate[1], 2019/2/28, 03:28:18, 0.26, 8.9e-002, 8.3e-002, 8.5e-002, 0.439, 8.6e-002, 8.5e-002, 8.4e-002, 0.269, 9.8e-002, 8.2e-002, 8.3e-002, 0.485, 8.3e-002, 8.3e-002, 8.3e-002, 0.275, 9.9e-002, 8.4e-002, 0.26, 0.445, 8.3e-002, 8.2e-002, 8.3e-002, 0.291, 0.123, 0.109, 0.199, 0.513, 0.157, 0.164, 0.162, 0.306, 0.132, 0.105, 0.176, 0.482, 0.17, 0.171, 0.168, 0.316, 0.146, 8.2e-002, 9.8e-002, 0.452, 0.123, 0.107, 0.336
Plate[0], 2019/2/28, 03:34:55, 0.291, 8.8e-002, 8.2e-002, 8.4e-002, 0.296, 8.6e-002, 8.6e-002, 8.4e-002, 0.254, 9.1e-002, 8.3e-002, 8.3e-002, 0.293, 8.7e-002, 8.6e-002, 8.3e-002, 0.28, 0.114, 0.117, 8.8e-002, 0.29, 8.9e-002, 8.3e-002, 8.3e-002, 0.329, 0.143, 0.12, 0.173, 0.346, 0.122, 0.163, 0.175, 0.35, 0.154, 0.106, 0.138, 0.31, 0.126, 0.161, 0.167, 0.344, 0.145, 8.5e-002, 9.7e-002, 0.305, 0.117, 0.128, 0.128
Plate[1], 2019/2/28, 03:41:27, 0.278, 9.e-002, 8.3e-002, 8.5e-002, 0.467, 8.6e-002, 8.5e-002, 8.4e-002, 0.287, 9.9e-002, 8.2e-002, 8.3e-002, 0.513, 8.3e-002, 8.3e-002, 8.3e-002, 0.285, 0.1, 8.4e-002, 0.263, 0.46, 8.3e-002, 8.2e-002, 8.3e-002, 0.31, 0.124, 0.102, 0.193, 0.533, 0.156, 0.164, 0.161, 0.321, 0.133, 9.9e-002, 0.169, 0.495, 0.17, 0.172, 0.168, 0.333, 0.146, 8.1e-002, 9.3e-002, 0.473, 0.117, 0.11, 0.336
Plate[0], 2019/2/28, 03:48:03, 0.303, 8.8e-002, 8.3e-002, 8.4e-002, 0.308, 8.6e-002, 8.6e-002, 8.4e-002, 0.27, 9.2e-002, 8.3e-002, 8.3e-002, 0.3, 8.7e-002, 8.6e-002, 8.3e-002, 0.296, 0.114, 0.113, 8.8e-002, 0.297, 8.9e-002, 8.3e-002, 8.3e-002, 0.352, 0.144, 0.11, 0.16, 0.361, 0.123, 0.16, 0.176, 0.371, 0.156, 0.101, 0.134, 0.326, 0.125, 0.157, 0.162, 0.36, 0.147, 8.4e-002, 9.4e-002, 0.315, 0.119, 0.122, 0.128
Plate[1], 2019/2/28, 03:54:35, 0.297, 9.e-002, 8.3e-002, 8.5e-002, 0.484, 8.6e-002, 8.5e-002, 8.4e-002, 0.3, 9.8e-002, 8.2e-002, 8.3e-002, 0.523, 8.3e-002, 8.3e-002, 8.3e-002, 0.297, 0.1, 8.4e-002, 0.267, 0.479, 8.3e-002, 8.2e-002, 8.3e-002, 0.322, 0.126, 0.1, 0.19, 0.548, 0.156, 0.165, 0.162, 0.343, 0.133, 9.7e-002, 0.165, 0.516, 0.17, 0.169, 0.165, 0.354, 0.148, 8.1e-002, 9.1e-002, 0.494, 0.115, 0.109, 0.336
Plate[0], 2019/2/28, 04:01:11, 0.318, 8.8e-002, 8.3e-002, 8.4e-002, 0.323, 8.6e-002, 8.6e-002, 8.4e-002, 0.284, 9.2e-002, 8.3e-002, 8.3e-002, 0.315, 8.7e-002, 8.6e-002, 8.3e-002, 0.305, 0.114, 0.109, 8.8e-002, 0.308, 8.9e-002, 8.3e-002, 8.3e-002, 0.372, 0.145, 0.106, 0.151, 0.377, 0.125, 0.158, 0.174, 0.391, 0.159, 9.9e-002, 0.125, 0.342, 0.128, 0.155, 0.165, 0.384, 0.15, 8.3e-002, 9.3e-002, 0.334, 0.118, 0.116, 0.129
Plate[1], 2019/2/28, 04:07:43, 0.311, 9.e-002, 8.3e-002, 8.5e-002, 0.504, 8.6e-002, 8.5e-002, 8.4e-002, 0.317, 9.9e-002, 8.2e-002, 8.3e-002, 0.542, 8.3e-002, 8.3e-002, 8.3e-002, 0.315, 0.101, 8.4e-002, 0.269, 0.496, 8.3e-002, 8.2e-002, 8.3e-002, 0.342, 0.129, 0.101, 0.189, 0.579, 0.156, 0.166, 0.162, 0.358, 0.137, 9.6e-002, 0.162, 0.539, 0.17, 0.167, 0.164, 0.369, 0.151, 8.1e-002, 9.e-002, 0.509, 0.115, 0.112, 0.34
Plate[0], 2019/2/28, 04:14:19, 0.334, 8.8e-002, 8.3e-002, 8.4e-002, 0.338, 8.6e-002, 8.6e-002, 8.4e-002, 0.297, 9.2e-002, 8.3e-002, 8.3e-002, 0.328, 8.7e-002, 8.6e-002, 8.3e-002, 0.318, 0.114, 0.104, 8.8e-002, 0.322, 8.9e-002, 8.3e-002, 8.3e-002, 0.386, 0.149, 0.102, 0.143, 0.391, 0.128, 0.155, 0.171, 0.404, 0.162, 9.7e-002, 0.118, 0.353, 0.129, 0.151, 0.166, 0.399, 0.155, 8.2e-002, 9.1e-002, 0.352, 0.119, 0.111, 0.129
Plate[1], 2019/2/28, 04:20:51, 0.324, 9.1e-002, 8.3e-002, 8.5e-002, 0.534, 8.6e-002, 8.5e-002, 8.4e-002, 0.33, 9.9e-002, 8.2e-002, 8.3e-002, 0.564, 8.3e-002, 8.3e-002, 8.3e-002, 0.33, 0.102, 8.4e-002, 0.269, 0.521, 8.3e-002, 8.2e-002, 8.3e-002, 0.356, 0.132, 9.9e-002, 0.186, 0.602, 0.155, 0.166, 0.161, 0.373, 0.14, 9.4e-002, 0.159, 0.563, 0.17, 0.164, 0.162, 0.387, 0.153, 8.e-002, 8.8e-002, 0.533, 0.111, 0.112, 0.338
Plate[0], 2019/2/28, 04:27:28, 0.348, 8.8e-002, 8.3e-002, 8.4e-002, 0.346, 8.6e-002, 8.6e-002, 8.4e-002, 0.31, 9.2e-002, 8.3e-002, 8.3e-002, 0.339, 8.7e-002, 8.6e-002, 8.3e-002, 0.335, 0.114, 0.102, 8.8e-002, 0.337, 8.9e-002, 8.3e-002, 8.3e-002, 0.394, 0.152, 0.101, 0.139, 0.409, 0.129, 0.154, 0.168, 0.416, 0.164, 9.6e-002, 0.116, 0.371, 0.128, 0.152, 0.16, 0.411, 0.158, 8.2e-002, 9.1e-002, 0.365, 0.121, 0.109, 0.129
Plate[1], 2019/2/28, 04:34:00, 0.338, 9.1e-002, 8.3e-002, 8.5e-002, 0.556, 8.6e-002, 8.4e-002, 8.4e-002, 0.345, 9.9e-002, 8.2e-002, 8.3e-002, 0.58, 8.3e-002, 8.3e-002, 8.3e-002, 0.341, 0.102, 8.4e-002, 0.27, 0.537, 8.3e-002, 8.2e-002, 8.3e-002, 0.377, 0.135, 0.101, 0.186, 0.622, 0.156, 0.168, 0.162, 0.388, 0.143, 9.6e-002, 0.159, 0.585, 0.171, 0.164, 0.164, 0.4, 0.156, 8.e-002, 8.9e-002, 0.556, 0.113, 0.112, 0.336
Plate[0], 2019/2/28, 04:40:36, 0.362, 8.8e-002, 8.3e-002, 8.4e-002, 0.363, 8.6e-002, 8.6e-002, 8.4e-002, 0.328, 9.2e-002, 8.3e-002, 8.3e-002, 0.35, 8.7e-002, 8.6e-002, 8.3e-002, 0.347, 0.114, 9.8e-002, 8.8e-002, 0.348, 8.9e-002, 8.3e-002, 8.3e-002, 0.409, 0.156, 0.1, 0.138, 0.423, 0.133, 0.152, 0.166, 0.429, 0.167, 9.6e-002, 0.113, 0.383, 0.134, 0.15, 0.16, 0.423, 0.162, 8.2e-002, 9.1e-002, 0.383, 0.123, 0.108, 0.127
Plate[1], 2019/2/28, 04:47:08, 0.351, 9.2e-002, 8.2e-002, 8.5e-002, 0.582, 8.6e-002, 8.4e-002, 8.4e-002, 0.354, 9.9e-002, 8.2e-002, 8.3e-002, 0.606, 8.3e-002, 8.3e-002, 8.3e-002, 0.357, 0.102, 8.4e-002, 0.267, 0.56, 8.3e-002, 8.2e-002, 8.3e-002, 0.393, 0.14, 9.7e-002, 0.184, 0.644, 0.154, 0.167, 0.161, 0.404, 0.147, 9.2e-002, 0.155, 0.609, 0.17, 0.161, 0.163, 0.418, 0.161, 8.e-002, 8.7e-002, 0.582, 0.109, 0.112, 0.334
Plate[0], 2019/2/28, 04:53:44, 0.375, 8.8e-002, 8.3e-002, 8.4e-002, 0.373, 8.6e-002, 8.6e-002, 8.4e-002, 0.336, 9.3e-002, 8.3e-002, 8.3e-002, 0.367, 8.7e-002, 8.6e-002, 8.3e-002, 0.368, 0.115, 9.5e-002, 8.7e-002, 0.36, 8.9e-002, 8.3e-002, 8.3e-002, 0.422, 0.159, 9.6e-002, 0.134, 0.444, 0.137, 0.149, 0.166, 0.449, 0.172, 9.2e-002, 0.107, 0.398, 0.136, 0.149, 0.146, 0.437, 0.166, 8.1e-002, 9.e-002, 0.393, 0.127, 0.105, 0.123
Plate[1], 2019/2/28, 05:00:16, 0.363, 9.3e-002, 8.3e-002, 8.5e-002, 0.595, 8.6e-002, 8.4e-002, 8.4e-002, 0.373, 0.1, 8.2e-002, 8.3e-002, 0.628, 8.3e-002, 8.3e-002, 8.3e-002, 0.375, 0.103, 8.4e-002, 0.267, 0.576, 8.3e-002, 8.2e-002, 8.3e-002, 0.404, 0.144, 9.3e-002, 0.179, 0.665, 0.153, 0.166, 0.16, 0.423, 0.15, 9.e-002, 0.15, 0.631, 0.169, 0.157, 0.162, 0.428, 0.164, 8.e-002, 8.6e-002, 0.599, 0.107, 0.11, 0.329
Plate[0], 2019/2/28, 05:06:53, 0.385, 8.9e-002, 8.3e-002, 8.4e-002, 0.395, 8.6e-002, 8.6e-002, 8.4e-002, 0.353, 9.3e-002, 8.3e-002, 8.3e-002, 0.386, 8.7e-002, 8.6e-002, 8.3e-002, 0.382, 0.115, 9.3e-002, 8.7e-002, 0.375, 8.9e-002, 8.3e-002, 8.3e-002, 0.446, 0.164, 9.4e-002, 0.133, 0.455, 0.139, 0.148, 0.167, 0.465, 0.176, 9.1e-002, 0.106, 0.414, 0.14, 0.15, 0.144, 0.453, 0.172, 8.1e-002, 8.9e-002, 0.401, 0.129, 0.104, 0.121
Plate[1], 2019/2/28, 05:13:24, 0.378, 9.3e-002, 8.3e-002, 8.5e-002, 0.624, 8.6e-002, 8.4e-002, 8.4e-002, 0.382, 0.1, 8.2e-002, 8.3e-002, 0.648, 8.3e-002, 8.3e-002, 8.3e-002, 0.39, 0.103, 8.4e-002, 0.266, 0.599, 8.3e-002, 8.2e-002, 8.3e-002, 0.419, 0.149, 9.3e-002, 0.176, 0.695, 0.152, 0.165, 0.16, 0.436, 0.157, 8.9e-002, 0.146, 0.648, 0.168, 0.156, 0.16, 0.44, 0.168, 8.e-002, 8.6e-002, 0.627, 0.107, 0.11, 0.336
Plate[0], 2019/2/28, 05:20:01, 0.403, 8.8e-002, 8.3e-002, 8.4e-002, 0.401, 8.6e-002, 8.6e-002, 8.4e-002, 0.373, 9.3e-002, 8.3e-002, 8.3e-002, 0.393, 8.7e-002, 8.6e-002, 8.3e-002, 0.391, 0.115, 9.2e-002, 8.7e-002, 0.391, 8.9e-002, 8.3e-002, 8.3e-002, 0.457, 0.168, 9.4e-002, 0.132, 0.467, 0.144, 0.146, 0.167, 0.477, 0.181, 9.e-002, 0.104, 0.428, 0.144, 0.15, 0.146, 0.469, 0.178, 8.1e-002, 8.9e-002, 0.42, 0.133, 0.104, 0.121
Plate[1], 2019/2/28, 05:26:33, 0.39, 9.4e-002, 8.3e-002, 8.5e-002, 0.644, 8.6e-002, 8.4e-002, 8.4e-002, 0.398, 0.1, 8.2e-002, 8.3e-002, 0.669, 8.3e-002, 8.3e-002, 8.3e-002, 0.399, 0.104, 8.5e-002, 0.269, 0.62, 8.3e-002, 8.2e-002, 8.3e-002, 0.433, 0.154, 9.3e-002, 0.173, 0.713, 0.151, 0.164, 0.16, 0.443, 0.161, 8.8e-002, 0.144, 0.674, 0.168, 0.157, 0.16, 0.458, 0.173, 7.9e-002, 8.5e-002, 0.647, 0.106, 0.11, 0.335
Plate[0], 2019/2/28, 05:33:09, 0.416, 8.8e-002, 8.2e-002, 8.4e-002, 0.419, 8.6e-002, 8.6e-002, 8.4e-002, 0.378, 9.2e-002, 8.3e-002, 8.3e-002, 0.409, 8.7e-002, 8.6e-002, 8.3e-002, 0.407, 0.115, 9.1e-002, 8.7e-002, 0.402, 8.9e-002, 8.3e-002, 8.3e-002, 0.47, 0.175, 9.5e-002, 0.133, 0.484, 0.15, 0.146, 0.169, 0.488, 0.186, 9.1e-002, 0.105, 0.444, 0.149, 0.151, 0.144, 0.479, 0.185, 8.1e-002, 8.9e-002, 0.433, 0.137, 0.104, 0.121
Plate[1], 2019/2/28, 05:39:41, 0.402, 9.4e-002, 8.3e-002, 8.5e-002, 0.672, 8.6e-002, 8.4e-002, 8.4e-002, 0.408, 0.1, 8.2e-002, 8.3e-002, 0.699, 8.3e-002, 8.3e-002, 8.3e-002, 0.407, 0.105, 8.5e-002, 0.271, 0.641, 8.3e-002, 8.2e-002, 8.3e-002, 0.441, 0.161, 9.6e-002, 0.174, 0.739, 0.152, 0.167, 0.161, 0.454, 0.167, 9.2e-002, 0.147, 0.701, 0.168, 0.159, 0.161, 0.472, 0.178, 8.e-002, 8.7e-002, 0.675, 0.111, 0.11, 0.333
Plate[0], 2019/2/28, 05:46:18, 0.426, 8.8e-002, 8.3e-002, 8.4e-002, 0.426, 8.6e-002, 8.6e-002, 8.4e-002, 0.389, 9.2e-002, 8.3e-002, 8.3e-002, 0.418, 8.7e-002, 8.6e-002, 8.3e-002, 0.419, 0.116, 9.1e-002, 8.7e-002, 0.418, 8.9e-002, 8.3e-002, 8.3e-002, 0.481, 0.183, 9.4e-002, 0.132, 0.499, 0.157, 0.146, 0.168, 0.509, 0.194, 9.1e-002, 0.104, 0.456, 0.155, 0.15, 0.141, 0.495, 0.194, 8.1e-002, 8.9e-002, 0.448, 0.14, 0.104, 0.121
Plate[1], 2019/2/28, 05:52:50, 0.414, 9.4e-002, 8.3e-002, 8.5e-002, 0.69, 8.6e-002, 8.4e-002, 8.4e-002, 0.422, 0.101, 8.2e-002, 8.3e-002, 0.716, 8.3e-002, 8.3e-002, 8.3e-002, 0.423, 0.105, 8.5e-002, 0.272, 0.665, 8.3e-002, 8.2e-002, 8.3e-002, 0.451, 0.166, 9.4e-002, 0.174, 0.763, 0.152, 0.166, 0.162, 0.47, 0.174, 9.1e-002, 0.148, 0.719, 0.168, 0.156, 0.162, 0.484, 0.187, 8.e-002, 8.6e-002, 0.7, 0.11, 0.109, 0.333
Plate[0], 2019/2/28, 05:59:26, 0.439, 8.9e-002, 8.3e-002, 8.4e-002, 0.442, 8.6e-002, 8.6e-002, 8.4e-002, 0.405, 9.3e-002, 8.3e-002, 8.3e-002, 0.431, 8.7e-002, 8.6e-002, 8.3e-002, 0.431, 0.116, 9.e-002, 8.7e-002, 0.427, 8.9e-002, 8.3e-002, 8.3e-002, 0.489, 0.188, 9.4e-002, 0.129, 0.51, 0.163, 0.145, 0.168, 0.516, 0.202, 9.1e-002, 0.102, 0.467, 0.162, 0.148, 0.142, 0.509, 0.203, 8.1e-002, 8.9e-002, 0.462, 0.147, 0.102, 0.118
Plate[1], 2019/2/28, 06:05:58, 0.426, 9.5e-002, 8.3e-002, 8.5e-002, 0.722, 8.6e-002, 8.4e-002, 8.4e-002, 0.43, 0.101, 8.2e-002, 8.3e-002, 0.744, 8.3e-002, 8.3e-002, 8.3e-002, 0.427, 0.106, 8.5e-002, 0.272, 0.692, 8.3e-002, 8.2e-002, 8.3e-002, 0.465, 0.175, 9.5e-002, 0.175, 0.791, 0.152, 0.167, 0.162, 0.482, 0.181, 9.2e-002, 0.15, 0.743, 0.169, 0.156, 0.16, 0.5, 0.192, 8.e-002, 8.7e-002, 0.729, 0.11, 0.109, 0.334
Plate[0], 2019/2/28, 06:12:34, 0.448, 8.8e-002, 8.3e-002, 8.4e-002, 0.452, 8.6e-002, 8.6e-002, 8.4e-002, 0.415, 9.3e-002, 8.3e-002, 8.4e-002, 0.454, 8.7e-002, 8.6e-002, 8.3e-002, 0.447, 0.115, 9.e-002, 8.7e-002, 0.442, 8.9e-002, 8.3e-002, 8.3e-002, 0.507, 0.198, 9.4e-002, 0.128, 0.52, 0.172, 0.144, 0.167, 0.531, 0.208, 9.1e-002, 0.102, 0.481, 0.169, 0.149, 0.143, 0.515, 0.213, 8.1e-002, 8.9e-002, 0.479, 0.153, 0.101, 0.117
Plate[1], 2019/2/28, 06:19:06, 0.437, 9.5e-002, 8.3e-002, 8.5e-002, 0.742, 8.6e-002, 8.4e-002, 8.4e-002, 0.441, 0.101, 8.2e-002, 8.3e-002, 0.763, 8.3e-002, 8.3e-002, 8.3e-002, 0.437, 0.106, 8.5e-002, 0.273, 0.711, 8.3e-002, 8.2e-002, 8.3e-002, 0.478, 0.184, 9.6e-002, 0.177, 0.808, 0.153, 0.168, 0.162, 0.5, 0.19, 9.2e-002, 0.152, 0.763, 0.169, 0.156, 0.161, 0.512, 0.202, 8.e-002, 8.6e-002, 0.75, 0.11, 0.114, 0.336
Plate[0], 2019/2/28, 06:25:43, 0.462, 8.9e-002, 8.3e-002, 8.4e-002, 0.457, 8.6e-002, 8.6e-002, 8.4e-002, 0.423, 9.3e-002, 8.3e-002, 8.4e-002, 0.46, 8.7e-002, 8.6e-002, 8.3e-002, 0.456, 0.116, 8.9e-002, 8.7e-002, 0.451, 8.9e-002, 8.3e-002, 8.3e-002, 0.516, 0.208, 9.5e-002, 0.127, 0.533, 0.182, 0.143, 0.168, 0.541, 0.222, 9.2e-002, 0.103, 0.494, 0.179, 0.15, 0.144, 0.523, 0.226, 8.2e-002, 8.9e-002, 0.484, 0.159, 0.102, 0.117
Plate[1], 2019/2/28, 06:32:15, 0.447, 9.5e-002, 8.2e-002, 8.5e-002, 0.767, 8.7e-002, 8.4e-002, 8.4e-002, 0.45, 0.101, 8.2e-002, 8.3e-002, 0.797, 8.3e-002, 8.3e-002, 8.3e-002, 0.449, 0.106, 8.5e-002, 0.27, 0.735, 8.3e-002, 8.2e-002, 8.3e-002, 0.492, 0.196, 0.115, 0.184, 0.368, 0.174, 0.172, 0.166, 0.5, 0.198, 0.113, 0.163, 0.793, 0.17, 0.158, 0.162, 0.518, 0.209, 8.4e-002, 0.105, 0.784, 0.123, 0.108, 0.333
Plate[0], 2019/2/28, 06:38:51, 0.468, 8.9e-002, 8.3e-002, 8.4e-002, 0.467, 8.6e-002, 8.6e-002, 8.4e-002, 0.443, 9.3e-002, 8.3e-002, 8.4e-002, 0.475, 8.7e-002, 8.6e-002, 8.3e-002, 0.469, 0.116, 8.9e-002, 8.7e-002, 0.464, 8.9e-002, 8.3e-002, 8.3e-002, 0.528, 0.219, 9.5e-002, 0.128, 0.543, 0.191, 0.144, 0.165, 0.55, 0.233, 9.2e-002, 0.103, 0.504, 0.187, 0.151, 0.146, 0.531, 0.238, 8.2e-002, 8.9e-002, 0.498, 0.164, 0.103, 0.119
Plate[1], 2019/2/28, 06:45:23, 0.453, 9.5e-002, 8.2e-002, 8.5e-002, 0.783, 8.8e-002, 8.4e-002, 8.4e-002, 0.466, 0.102, 8.2e-002, 8.3e-002, 0.818, 8.3e-002, 8.3e-002, 8.3e-002, 0.464, 0.106, 8.4e-002, 0.267, 0.758, 8.3e-002, 8.2e-002, 8.3e-002, 0.5, 0.206, 0.101, 0.183, 0.345, 0.158, 0.171, 0.166, 0.519, 0.21, 9.7e-002, 0.163, 0.814, 0.17, 0.158, 0.164, 0.527, 0.222, 8.1e-002, 9.e-002, 0.794, 0.113, 0.106, 0.331
Plate[0], 2019/2/28, 06:51:59, 0.481, 8.9e-002, 8.2e-002, 8.4e-002, 0.481, 8.6e-002, 8.6e-002, 8.4e-002, 0.446, 9.3e-002, 8.3e-002, 8.4e-002, 0.481, 8.7e-002, 8.6e-002, 8.3e-002, 0.479, 0.115, 8.8e-002, 8.7e-002, 0.473, 8.9e-002, 8.3e-002, 8.3e-002, 0.535, 0.23, 9.3e-002, 0.122, 0.557, 0.201, 0.143, 0.164, 0.557, 0.245, 9.e-002, 0.1, 0.515, 0.198, 0.151, 0.148, 0.533, 0.25, 8.1e-002, 8.9e-002, 0.503, 0.172, 0.102, 0.117
Plate[1], 2019/2/28, 06:58:31, 0.468, 9.5e-002, 8.2e-002, 8.5e-002, 0.811, 8.9e-002, 8.5e-002, 8.4e-002, 0.474, 0.101, 8.2e-002, 8.3e-002, 0.311, 9.1e-002, 8.3e-002, 8.3e-002, 0.467, 0.107, 8.4e-002, 0.259, 0.78, 8.3e-002, 8.2e-002, 8.3e-002, 0.505, 0.217, 0.116, 0.192, 0.336, 0.151, 0.175, 0.171, 0.523, 0.222, 0.113, 0.172, 0.391, 0.243, 0.159, 0.168, 0.53, 0.231, 9.6e-002, 0.103, 0.834, 0.121, 0.108, 0.337
Plate[0], 2019/2/28, 07:05:08, 0.487, 8.9e-002, 8.3e-002, 8.4e-002, 0.483, 8.6e-002, 8.6e-002, 8.4e-002, 0.459, 9.3e-002, 8.3e-002, 8.4e-002, 0.496, 8.7e-002, 8.6e-002, 8.3e-002, 0.486, 0.115, 8.8e-002, 8.7e-002, 0.48, 8.9e-002, 8.3e-002, 8.3e-002, 0.531, 0.243, 9.1e-002, 0.114, 0.57, 0.213, 0.142, 0.164, 0.551, 0.259, 8.9e-002, 9.8e-002, 0.521, 0.209, 0.151, 0.149, 0.53, 0.268, 8.1e-002, 8.9e-002, 0.52, 0.181, 0.101, 0.113
Plate[1], 2019/2/28, 07:11:40, 0.472, 9.5e-002, 8.2e-002, 8.5e-002, 0.214, 9.2e-002, 8.4e-002, 8.5e-002, 0.478, 0.102, 8.2e-002, 8.3e-002, 0.3, 9.1e-002, 8.3e-002, 8.3e-002, 0.478, 0.106, 8.4e-002, 0.254, 0.805, 8.3e-002, 8.2e-002, 8.3e-002, 0.507, 0.231, 0.122, 0.196, 0.337, 0.148, 0.176, 0.175, 0.527, 0.237, 0.119, 0.173, 0.374, 0.221, 0.158, 0.171, 0.529, 0.244, 9.9e-002, 0.113, 0.302, 0.131, 0.11, 0.338
Plate[0], 2019/2/28, 07:18:16, 0.486, 8.9e-002, 8.3e-002, 8.4e-002, 0.488, 8.6e-002, 8.6e-002, 8.4e-002, 0.474, 9.3e-002, 8.3e-002, 8.3e-002, 0.504, 8.7e-002, 8.6e-002, 8.3e-002, 0.492, 0.115, 8.8e-002, 8.7e-002, 0.494, 8.9e-002, 8.3e-002, 8.3e-002, 0.53, 0.26, 9.e-002, 0.109, 0.571, 0.226, 0.141, 0.162, 0.554, 0.274, 8.8e-002, 9.6e-002, 0.533, 0.22, 0.147, 0.15, 0.529, 0.283, 8.1e-002, 8.8e-002, 0.525, 0.19, 0.1, 0.114
Plate[1], 2019/2/28, 07:24:48, 0.479, 9.5e-002, 8.3e-002, 8.5e-002, 0.221, 9.9e-002, 8.5e-002, 8.4e-002, 0.488, 0.101, 8.2e-002, 8.3e-002, 0.298, 9.1e-002, 8.3e-002, 8.3e-002, 0.473, 0.106, 8.4e-002, 0.25, 0.347, 7.9e-002, 8.2e-002, 8.3e-002, 0.509, 0.247, 0.118, 0.197, 0.336, 0.142, 0.175, 0.176, 0.523, 0.251, 0.114, 0.173, 0.363, 0.206, 0.159, 0.172, 0.524, 0.262, 9.1e-002, 0.111, 0.303, 0.124, 0.106, 0.341
Plate[0], 2019/2/28, 07:31:24, 0.494, 8.9e-002, 8.3e-002, 8.4e-002, 0.504, 8.6e-002, 8.6e-002, 8.4e-002, 0.476, 9.3e-002, 8.3e-002, 8.4e-002, 0.516, 8.7e-002, 8.6e-002, 8.3e-002, 0.499, 0.115, 8.7e-002, 8.7e-002, 0.505, 8.9e-002, 8.3e-002, 8.3e-002, 0.525, 0.278, 9.1e-002, 0.113, 0.568, 0.24, 0.141, 0.163, 0.544, 0.294, 8.8e-002, 9.8e-002, 0.536, 0.235, 0.148, 0.152, 0.513, 0.304, 8.1e-002, 8.8e-002, 0.535, 0.2, 0.101, 0.116
Plate[1], 2019/2/28, 07:37:56, 0.476, 9.5e-002, 8.2e-002, 8.5e-002, 0.229, 0.1, 8.5e-002, 8.4e-002, 0.483, 0.102, 8.2e-002, 8.3e-002, 0.294, 9.2e-002, 8.3e-002, 8.3e-002, 0.478, 0.105, 8.4e-002, 0.247, 0.33, 8.7e-002, 8.2e-002, 8.3e-002, 0.504, 0.264, 0.101, 0.191, 0.337, 0.138, 0.171, 0.175, 0.518, 0.267, 9.7e-002, 0.165, 0.361, 0.193, 0.159, 0.173, 0.522, 0.278, 8.3e-002, 9.4e-002, 0.307, 0.124, 0.109, 0.341
Plate[0], 2019/2/28, 07:44:32, 0.488, 8.8e-002, 8.2e-002, 8.4e-002, 0.506, 8.6e-002, 8.6e-002, 8.4e-002, 0.479, 9.3e-002, 8.3e-002, 8.4e-002, 0.527, 8.7e-002, 8.6e-002, 8.3e-002, 0.511, 0.115, 8.7e-002, 8.7e-002, 0.511, 8.9e-002, 8.3e-002, 8.3e-002, 0.529, 0.292, 9.4e-002, 0.122, 0.57, 0.259, 0.141, 0.164, 0.545, 0.311, 9.1e-002, 0.1, 0.541, 0.251, 0.149, 0.154, 0.521, 0.327, 8.2e-002, 9.e-002, 0.539, 0.212, 0.105, 0.123
Plate[1], 2019/2/28, 07:51:05, 0.482, 9.5e-002, 8.2e-002, 8.5e-002, 0.24, 0.101, 8.5e-002, 8.4e-002, 0.48, 0.102, 8.2e-002, 8.3e-002, 0.295, 9.2e-002, 8.3e-002, 8.3e-002, 0.475, 0.105, 8.4e-002, 0.247, 0.33, 8.8e-002, 8.2e-002, 8.3e-002, 0.508, 0.283, 0.102, 0.188, 0.343, 0.137, 0.171, 0.175, 0.518, 0.285, 9.7e-002, 0.162, 0.365, 0.187, 0.159, 0.175, 0.517, 0.293, 8.2e-002, 9.2e-002, 0.319, 0.122, 0.107, 0.34
Plate[0], 2019/2/28, 07:57:41, 0.481, 8.9e-002, 8.3e-002, 8.4e-002, 0.507, 8.6e-002, 8.6e-002, 8.4e-002, 0.484, 9.3e-002, 8.3e-002, 8.4e-002, 0.523, 8.7e-002, 8.6e-002, 8.3e-002, 0.506, 0.115, 8.7e-002, 8.7e-002, 0.514, 8.9e-002, 8.3e-002, 8.3e-002, 0.522, 0.315, 9.5e-002, 0.123, 0.562, 0.273, 0.142, 0.166, 0.542, 0.336, 9.2e-002, 0.102, 0.546, 0.265, 0.151, 0.157, 0.51, 0.346, 8.2e-002, 9.e-002, 0.54, 0.227, 0.105, 0.121
Plate[1], 2019/2/28, 08:04:13, 0.48, 9.5e-002, 8.2e-002, 8.5e-002, 0.235, 0.101, 8.5e-002, 8.4e-002, 0.479, 0.102, 8.2e-002, 8.3e-002, 0.297, 9.2e-002, 8.3e-002, 8.3e-002, 0.466, 0.105, 8.4e-002, 0.244, 0.323, 8.8e-002, 8.2e-002, 8.3e-002, 0.497, 0.302, 9.9e-002, 0.184, 0.345, 0.135, 0.168, 0.174, 0.515, 0.304, 9.5e-002, 0.158, 0.367, 0.179, 0.158, 0.173, 0.511, 0.315, 8.1e-002, 8.9e-002, 0.327, 0.121, 0.108, 0.34
Plate[0], 2019/2/28, 08:10:49, 0.483, 8.8e-002, 8.3e-002, 8.4e-002, 0.5, 8.6e-002, 8.6e-002, 8.4e-002, 0.481, 9.3e-002, 8.3e-002, 8.4e-002, 0.522, 8.7e-002, 8.6e-002, 8.2e-002, 0.502, 0.114, 8.7e-002, 8.6e-002, 0.514, 8.8e-002, 8.3e-002, 8.3e-002, 0.514, 0.336, 9.2e-002, 0.115, 0.559, 0.293, 0.141, 0.166, 0.534, 0.358, 9.e-002, 9.8e-002, 0.54, 0.282, 0.151, 0.158, 0.5, 0.373, 8.1e-002, 8.8e-002, 0.536, 0.239, 0.102, 0.116
Plate[1], 2019/2/28, 08:17:21, 0.473, 9.5e-002, 8.2e-002, 8.5e-002, 0.247, 0.1, 8.4e-002, 8.4e-002, 0.481, 0.102, 8.2e-002, 8.3e-002, 0.309, 9.3e-002, 8.3e-002, 8.3e-002, 0.472, 0.106, 8.4e-002, 0.24, 0.315, 8.8e-002, 8.2e-002, 8.3e-002, 0.495, 0.324, 9.6e-002, 0.179, 0.35, 0.136, 0.163, 0.171, 0.506, 0.328, 9.2e-002, 0.152, 0.368, 0.172, 0.157, 0.166, 0.51, 0.336, 8.e-002, 8.7e-002, 0.335, 0.123, 0.107, 0.34
Plate[0], 2019/2/28, 08:23:58, 0.482, 8.9e-002, 8.3e-002, 8.4e-002, 0.505, 8.6e-002, 8.6e-002, 8.4e-002, 0.485, 9.3e-002, 8.3e-002, 8.4e-002, 0.524, 8.7e-002, 8.6e-002, 8.3e-002, 0.503, 0.115, 8.7e-002, 8.7e-002, 0.513, 8.9e-002, 8.3e-002, 8.3e-002, 0.522, 0.365, 9.2e-002, 0.112, 0.558, 0.315, 0.141, 0.166, 0.541, 0.382, 8.9e-002, 9.8e-002, 0.541, 0.303, 0.151, 0.159, 0.497, 0.401, 8.2e-002, 8.8e-002, 0.534, 0.253, 0.101, 0.114
Plate[1], 2019/2/28, 08:30:30, 0.474, 9.5e-002, 8.2e-002, 8.5e-002, 0.253, 0.1, 8.4e-002, 8.4e-002, 0.475, 0.101, 8.2e-002, 8.3e-002, 0.309, 9.3e-002, 8.3e-002, 8.3e-002, 0.466, 0.105, 8.4e-002, 0.236, 0.319, 8.8e-002, 8.2e-002, 8.3e-002, 0.492, 0.349, 9.5e-002, 0.175, 0.353, 0.135, 0.161, 0.17, 0.515, 0.35, 9.1e-002, 0.149, 0.371, 0.17, 0.154, 0.168, 0.504, 0.361, 8.e-002, 8.7e-002, 0.343, 0.124, 0.103, 0.332
Plate[0], 2019/2/28, 08:37:06, 0.48, 8.9e-002, 8.3e-002, 8.4e-002, 0.502, 8.6e-002, 8.6e-002, 8.4e-002, 0.48, 9.3e-002, 8.3e-002, 8.4e-002, 0.518, 8.7e-002, 8.6e-002, 8.3e-002, 0.504, 0.114, 8.6e-002, 8.6e-002, 0.509, 8.9e-002, 8.3e-002, 8.3e-002, 0.52, 0.387, 9.3e-002, 0.115, 0.556, 0.336, 0.141, 0.168, 0.532, 0.411, 9.e-002, 0.1, 0.537, 0.324, 0.152, 0.162, 0.494, 0.43, 8.2e-002, 8.9e-002, 0.531, 0.274, 0.104, 0.119
Plate[1], 2019/2/28, 08:43:38, 0.469, 9.4e-002, 8.2e-002, 8.5e-002, 0.257, 9.9e-002, 8.5e-002, 8.4e-002, 0.473, 0.102, 8.2e-002, 8.3e-002, 0.314, 9.3e-002, 8.3e-002, 8.3e-002, 0.468, 0.105, 8.4e-002, 0.229, 0.321, 8.8e-002, 8.2e-002, 8.3e-002, 0.499, 0.374, 9.3e-002, 0.171, 0.363, 0.136, 0.159, 0.169, 0.509, 0.376, 9.e-002, 0.146, 0.379, 0.166, 0.154, 0.165, 0.499, 0.386, 8.e-002, 8.6e-002, 0.35, 0.122, 0.108, 0.336
Plate[0], 2019/2/28, 08:50:14, 0.475, 8.9e-002, 8.2e-002, 8.4e-002, 0.499, 8.6e-002, 8.6e-002, 8.4e-002, 0.476, 9.3e-002, 8.3e-002, 8.4e-002, 0.518, 8.7e-002, 8.6e-002, 8.3e-002, 0.499, 0.115, 8.6e-002, 8.7e-002, 0.506, 8.9e-002, 8.3e-002, 8.3e-002, 0.515, 0.42, 9.3e-002, 0.113, 0.554, 0.362, 0.141, 0.169, 0.54, 0.442, 9.e-002, 9.8e-002, 0.529, 0.346, 0.153, 0.164, 0.498, 0.46, 8.2e-002, 8.9e-002, 0.524, 0.289, 0.104, 0.119
Plate[1], 2019/2/28, 08:56:46, 0.465, 9.4e-002, 8.2e-002, 8.5e-002, 0.266, 9.9e-002, 8.4e-002, 8.4e-002, 0.471, 0.102, 8.2e-002, 8.3e-002, 0.322, 9.3e-002, 8.3e-002, 8.3e-002, 0.465, 0.105, 8.3e-002, 0.224, 0.316, 8.8e-002, 8.2e-002, 8.3e-002, 0.488, 0.402, 9.2e-002, 0.167, 0.366, 0.139, 0.157, 0.168, 0.503, 0.404, 8.9e-002, 0.142, 0.376, 0.162, 0.154, 0.166, 0.498, 0.415, 8.e-002, 8.6e-002, 0.36, 0.126, 0.107, 0.335
Plate[0], 2019/2/28, 09:03:23, 0.48, 8.9e-002, 8.3e-002, 8.4e-002, 0.499, 8.6e-002, 8.6e-002, 8.4e-002, 0.472, 9.3e-002, 8.3e-002, 8.4e-002, 0.516, 8.7e-002, 8.6e-002, 8.3e-002, 0.489, 0.115, 8.6e-002, 8.6e-002, 0.505, 8.9e-002, 8.3e-002, 8.3e-002, 0.51, 0.447, 9.e-002, 0.107, 0.551, 0.39, 0.141, 0.166, 0.531, 0.473, 8.9e-002, 9.6e-002, 0.527, 0.372, 0.152, 0.151, 0.495, 0.494, 8.1e-002, 8.8e-002, 0.519, 0.308, 0.102, 0.116
Plate[1], 2019/2/28, 09:09:54, 0.466, 9.4e-002, 8.2e-002, 8.5e-002, 0.274, 9.9e-002, 8.4e-002, 8.4e-002, 0.471, 0.101, 8.2e-002, 8.3e-002, 0.326, 9.3e-002, 8.3e-002, 8.3e-002, 0.447, 0.105, 8.3e-002, 0.21, 0.321, 8.8e-002, 8.2e-002, 8.3e-002, 0.484, 0.433, 8.8e-002, 0.16, 0.377, 0.138, 0.154, 0.166, 0.497, 0.437, 8.6e-002, 0.134, 0.377, 0.164, 0.153, 0.155, 0.481, 0.443, 7.9e-002, 8.4e-002, 0.368, 0.128, 0.103, 0.327
Plate[0], 2019/2/28, 09:16:31, 0.476, 8.9e-002, 8.2e-002, 8.4e-002, 0.497, 8.6e-002, 8.6e-002, 8.4e-002, 0.465, 9.3e-002, 8.3e-002, 8.3e-002, 0.514, 8.7e-002, 8.6e-002, 8.2e-002, 0.486, 0.115, 8.6e-002, 8.6e-002, 0.5, 8.8e-002, 8.3e-002, 8.3e-002, 0.51, 0.488, 8.8e-002, 0.102, 0.549, 0.414, 0.139, 0.166, 0.526, 0.513, 8.6e-002, 9.3e-002, 0.526, 0.397, 0.151, 0.151, 0.498, 0.535, 8.1e-002, 8.7e-002, 0.521, 0.333, 0.1, 0.113
Plate[1], 2019/2/28, 09:23:03, 0.467, 9.3e-002, 8.2e-002, 8.5e-002, 0.273, 9.8e-002, 8.4e-002, 8.4e-002, 0.47, 0.102, 8.2e-002, 8.3e-002, 0.327, 9.4e-002, 8.3e-002, 8.3e-002, 0.449, 0.103, 8.4e-002, 0.198, 0.325, 8.8e-002, 8.2e-002, 8.3e-002, 0.485, 0.47, 8.6e-002, 0.152, 0.375, 0.138, 0.152, 0.164, 0.507, 0.47, 8.4e-002, 0.129, 0.387, 0.162, 0.152, 0.155, 0.481, 0.477, 7.9e-002, 8.3e-002, 0.379, 0.127, 0.101, 0.328
Plate[0], 2019/2/28, 09:29:39, 0.47, 8.9e-002, 8.2e-002, 8.4e-002, 0.493, 8.6e-002, 8.6e-002, 8.4e-002, 0.47, 9.3e-002, 8.3e-002, 8.3e-002, 0.51, 8.7e-002, 8.6e-002, 8.3e-002, 0.492, 0.115, 8.6e-002, 8.6e-002, 0.495, 8.8e-002, 8.3e-002, 8.3e-002, 0.512, 0.526, 8.7e-002, 0.101, 0.546, 0.448, 0.138, 0.167, 0.529, 0.553, 8.5e-002, 9.2e-002, 0.526, 0.426, 0.151, 0.153, 0.499, 0.573, 8.e-002, 8.7e-002, 0.513, 0.357, 0.1, 0.113
Plate[1], 2019/2/28, 09:36:11, 0.456, 9.4e-002, 8.2e-002, 8.5e-002, 0.284, 9.5e-002, 8.4e-002, 8.4e-002, 0.471, 0.102, 8.2e-002, 8.3e-002, 0.329, 9.4e-002, 8.3e-002, 8.3e-002, 0.456, 0.104, 8.3e-002, 0.195, 0.33, 8.8e-002, 8.2e-002, 8.3e-002, 0.488, 0.503, 8.8e-002, 0.151, 0.386, 0.14, 0.15, 0.163, 0.5, 0.506, 8.6e-002, 0.132, 0.387, 0.162, 0.151, 0.154, 0.482, 0.516, 7.9e-002, 8.4e-002, 0.393, 0.13, 0.101, 0.326
Plate[0], 2019/2/28, 09:42:48, 0.464, 8.9e-002, 8.3e-002, 8.4e-002, 0.492, 8.7e-002, 8.6e-002, 8.4e-002, 0.468, 9.3e-002, 8.3e-002, 8.3e-002, 0.51, 8.7e-002, 8.6e-002, 8.3e-002, 0.492, 0.114, 8.6e-002, 8.6e-002, 0.499, 8.8e-002, 8.3e-002, 8.3e-002, 0.505, 0.565, 8.9e-002, 0.104, 0.543, 0.481, 0.138, 0.168, 0.528, 0.592, 8.7e-002, 9.5e-002, 0.522, 0.459, 0.151, 0.155, 0.494, 0.61, 8.1e-002, 8.7e-002, 0.515, 0.383, 0.102, 0.116
Plate[1], 2019/2/28, 09:49:19, 0.452, 0.119, 8.2e-002, 8.5e-002, 0.281, 9.5e-002, 8.4e-002, 8.4e-002, 0.468, 0.103, 8.2e-002, 8.3e-002, 0.333, 9.4e-002, 8.3e-002, 8.3e-002, 0.455, 0.105, 8.3e-002, 0.192, 0.329, 8.8e-002, 8.2e-002, 8.3e-002, 0.485, 0.545, 9.e-002, 0.155, 0.391, 0.142, 0.149, 0.163, 0.495, 0.548, 8.8e-002, 0.137, 0.389, 0.159, 0.151, 0.154, 0.478, 0.555, 7.9e-002, 8.4e-002, 0.389, 0.133, 0.103, 0.329
Plate[0], 2019/2/28, 09:55:56, 0.468, 8.9e-002, 8.3e-002, 8.4e-002, 0.483, 8.7e-002, 8.6e-002, 8.4e-002, 0.457, 9.3e-002, 8.3e-002, 8.3e-002, 0.508, 8.7e-002, 8.6e-002, 8.3e-002, 0.483, 0.113, 8.6e-002, 8.6e-002, 0.493, 8.8e-002, 8.3e-002, 8.3e-002, 0.5, 0.598, 9.3e-002, 0.114, 0.541, 0.519, 0.138, 0.171, 0.523, 0.629, 9.e-002, 9.9e-002, 0.519, 0.493, 0.153, 0.156, 0.498, 0.649, 8.1e-002, 8.9e-002, 0.513, 0.411, 0.105, 0.121
Plate[1], 2019/2/28, 10:02:28, 0.45, 0.122, 8.2e-002, 8.5e-002, 0.287, 9.5e-002, 8.4e-002, 8.4e-002, 0.467, 0.104, 8.2e-002, 8.4e-002, 0.331, 9.4e-002, 8.3e-002, 8.3e-002, 0.448, 0.106, 8.4e-002, 0.187, 0.337, 8.8e-002, 8.2e-002, 8.3e-002, 0.487, 0.582, 9.3e-002, 0.16, 0.388, 0.144, 0.149, 0.164, 0.495, 0.582, 9.e-002, 0.143, 0.393, 0.16, 0.152, 0.155, 0.483, 0.592, 8.e-002, 8.5e-002, 0.398, 0.133, 0.103, 0.33
Plate[0], 2019/2/28, 10:09:04, 0.463, 8.9e-002, 8.2e-002, 8.4e-002, 0.48, 8.7e-002, 8.6e-002, 8.4e-002, 0.463, 9.3e-002, 8.3e-002, 8.3e-002, 0.506, 8.7e-002, 8.6e-002, 8.3e-002, 0.484, 0.113, 8.6e-002, 8.6e-002, 0.492, 8.9e-002, 8.3e-002, 8.3e-002, 0.505, 0.637, 9.5e-002, 0.118, 0.535, 0.556, 0.139, 0.172, 0.526, 0.667, 9.1e-002, 0.101, 0.518, 0.53, 0.154, 0.146, 0.499, 0.692, 8.2e-002, 8.9e-002, 0.506, 0.441, 0.104, 0.118
Plate[1], 2019/2/28, 10:15:36, 0.45, 0.121, 8.2e-002, 8.5e-002, 0.294, 9.5e-002, 8.4e-002, 8.4e-002, 0.468, 0.104, 8.2e-002, 8.3e-002, 0.335, 9.4e-002, 8.3e-002, 8.3e-002, 0.446, 0.108, 8.3e-002, 0.181, 0.334, 8.8e-002, 8.2e-002, 8.3e-002, 0.477, 0.617, 9.4e-002, 0.163, 0.396, 0.147, 0.149, 0.164, 0.489, 0.618, 9.e-002, 0.145, 0.399, 0.16, 0.153, 0.154, 0.485, 0.627, 7.9e-002, 8.5e-002, 0.401, 0.14, 0.103, 0.331
Plate[0], 2019/2/28, 10:22:13, 0.466, 8.9e-002, 8.3e-002, 8.4e-002, 0.48, 8.7e-002, 8.6e-002, 8.4e-002, 0.451, 9.4e-002, 8.3e-002, 8.3e-002, 0.503, 8.7e-002, 8.6e-002, 8.3e-002, 0.475, 0.113, 8.6e-002, 8.6e-002, 0.491, 8.8e-002, 8.3e-002, 8.3e-002, 0.5, 0.677, 9.6e-002, 0.119, 0.538, 0.589, 0.14, 0.174, 0.524, 0.706, 9.1e-002, 0.101, 0.519, 0.563, 0.154, 0.148, 0.498, 0.732, 8.2e-002, 9.e-002, 0.503, 0.473, 0.105, 0.121
Plate[1], 2019/2/28, 10:28:45, 0.441, 0.121, 8.2e-002, 8.5e-002, 0.295, 9.5e-002, 8.4e-002, 8.4e-002, 0.465, 0.108, 8.2e-002, 8.3e-002, 0.341, 9.4e-002, 8.3e-002, 8.3e-002, 0.443, 0.112, 8.3e-002, 0.172, 0.341, 8.8e-002, 8.2e-002, 8.3e-002, 0.479, 0.658, 9.3e-002, 0.165, 0.409, 0.148, 0.149, 0.164, 0.486, 0.663, 9.e-002, 0.145, 0.405, 0.161, 0.153, 0.156, 0.487, 0.666, 8.e-002, 8.5e-002, 0.403, 0.14, 0.102, 0.331
Plate[0], 2019/2/28, 10:35:21, 0.458, 8.9e-002, 8.2e-002, 8.4e-002, 0.474, 8.7e-002, 8.6e-002, 8.4e-002, 0.457, 9.5e-002, 8.3e-002, 8.3e-002, 0.501, 8.7e-002, 8.6e-002, 8.3e-002, 0.479, 0.114, 8.6e-002, 8.6e-002, 0.488, 8.9e-002, 8.3e-002, 8.3e-002, 0.503, 0.717, 9.5e-002, 0.116, 0.537, 0.623, 0.14, 0.176, 0.524, 0.751, 9.1e-002, 0.1, 0.515, 0.598, 0.155, 0.148, 0.496, 0.774, 8.2e-002, 8.9e-002, 0.504, 0.511, 0.104, 0.12
Plate[1], 2019/2/28, 10:41:53, 0.442, 0.121, 8.2e-002, 8.5e-002, 0.293, 9.5e-002, 8.5e-002, 8.4e-002, 0.463, 0.12, 8.2e-002, 8.3e-002, 0.346, 9.5e-002, 8.3e-002, 8.3e-002, 0.428, 0.126, 8.4e-002, 0.164, 0.34, 8.8e-002, 8.2e-002, 8.3e-002, 0.476, 0.698, 9.3e-002, 0.165, 0.408, 0.15, 0.148, 0.163, 0.493, 0.7, 9.e-002, 0.144, 0.403, 0.162, 0.154, 0.156, 0.484, 0.707, 7.9e-002, 8.5e-002, 0.408, 0.143, 9.9e-002, 0.321
Plate[0], 2019/2/28, 10:48:29, 0.454, 9.e-002, 8.3e-002, 8.4e-002, 0.471, 8.7e-002, 8.6e-002, 8.4e-002, 0.453, 9.5e-002, 8.3e-002, 8.3e-002, 0.497, 8.7e-002, 8.6e-002, 8.3e-002, 0.476, 0.114, 8.6e-002, 8.6e-002, 0.486, 8.9e-002, 8.3e-002, 8.3e-002, 0.496, 0.761, 9.5e-002, 0.113, 0.532, 0.664, 0.14, 0.178, 0.523, 0.79, 9.1e-002, 0.1, 0.513, 0.635, 0.156, 0.149, 0.493, 0.814, 8.2e-002, 8.9e-002, 0.5, 0.546, 0.105, 0.12
Plate[1], 2019/2/28, 10:55:01, 0.436, 0.12, 8.2e-002, 8.5e-002, 0.294, 9.5e-002, 8.4e-002, 8.4e-002, 0.455, 0.12, 8.2e-002, 8.3e-002, 0.349, 9.5e-002, 8.3e-002, 8.3e-002, 0.431, 0.132, 8.3e-002, 0.152, 0.349, 8.8e-002, 8.2e-002, 8.3e-002, 0.475, 0.742, 9.1e-002, 0.163, 0.417, 0.154, 0.147, 0.163, 0.488, 0.747, 8.8e-002, 0.138, 0.405, 0.165, 0.153, 0.156, 0.485, 0.749, 7.9e-002, 8.4e-002, 0.413, 0.145, 0.101, 0.326
Plate[0], 2019/2/28, 11:01:38, 0.451, 8.9e-002, 8.3e-002, 8.4e-002, 0.469, 8.7e-002, 8.6e-002, 8.4e-002, 0.455, 9.5e-002, 8.3e-002, 8.3e-002, 0.494, 8.7e-002, 8.6e-002, 8.3e-002, 0.475, 0.114, 8.5e-002, 8.6e-002, 0.484, 8.9e-002, 8.3e-002, 8.3e-002, 0.495, 0.799, 0.102, 0.125, 0.528, 0.7, 0.141, 0.18, 0.518, 0.829, 9.8e-002, 0.111, 0.509, 0.676, 0.157, 0.147, 0.491, 0.208, 0.138, 9.3e-002, 0.499, 0.581, 0.117, 0.132
Plate[1], 2019/2/28, 11:08:09, 0.423, 0.12, 8.2e-002, 8.5e-002, 0.298, 9.5e-002, 8.4e-002, 8.4e-002, 0.463, 0.119, 8.2e-002, 8.3e-002, 0.351, 9.4e-002, 8.3e-002, 8.3e-002, 0.444, 0.133, 8.3e-002, 0.144, 0.352, 8.8e-002, 8.2e-002, 8.3e-002, 0.478, 0.78, 9.e-002, 0.16, 0.414, 0.155, 0.146, 0.163, 0.489, 0.784, 8.8e-002, 0.134, 0.405, 0.166, 0.152, 0.154, 0.483, 0.79, 7.9e-002, 8.4e-002, 0.419, 0.15, 0.102, 0.326
Plate[0], 2019/2/28, 11:14:46, 0.449, 9.e-002, 8.3e-002, 8.4e-002, 0.469, 8.7e-002, 8.6e-002, 8.4e-002, 0.456, 9.5e-002, 8.3e-002, 8.3e-002, 0.497, 8.7e-002, 8.6e-002, 8.3e-002, 0.474, 0.117, 8.5e-002, 8.6e-002, 0.48, 8.9e-002, 8.4e-002, 8.3e-002, 0.497, 0.842, 0.106, 0.129, 0.526, 0.739, 0.142, 0.184, 0.519, 0.232, 0.138, 0.112, 0.502, 0.712, 0.155, 0.149, 0.493, 0.213, 0.138, 9.5e-002, 0.499, 0.616, 0.122, 0.134
Plate[1], 2019/2/28, 11:21:18, 0.429, 0.121, 8.2e-002, 8.5e-002, 0.303, 9.5e-002, 8.4e-002, 8.4e-002, 0.459, 0.118, 8.2e-002, 8.3e-002, 0.356, 9.4e-002, 8.3e-002, 8.3e-002, 0.428, 0.132, 8.3e-002, 0.139, 0.351, 8.8e-002, 8.2e-002, 8.3e-002, 0.476, 0.824, 9.2e-002, 0.161, 0.423, 0.158, 0.146, 0.163, 0.491, 0.825, 8.8e-002, 0.133, 0.408, 0.17, 0.153, 0.154, 0.488, 0.829, 7.9e-002, 8.5e-002, 0.424, 0.153, 0.101, 0.326
Plate[0], 2019/2/28, 11:27:54, 0.439, 9.e-002, 8.2e-002, 8.4e-002, 0.458, 8.7e-002, 8.6e-002, 8.4e-002, 0.452, 9.5e-002, 8.3e-002, 8.3e-002, 0.49, 8.7e-002, 8.6e-002, 8.3e-002, 0.476, 0.123, 8.5e-002, 8.6e-002, 0.483, 8.9e-002, 8.4e-002, 8.3e-002, 0.491, 0.222, 0.147, 0.13, 0.526, 0.776, 0.144, 0.187, 0.517, 0.242, 0.134, 0.111, 0.502, 0.753, 0.157, 0.15, 0.489, 0.23, 0.139, 9.5e-002, 0.496, 0.655, 0.125, 0.136
Plate[1], 2019/2/28, 11:34:26, 0.428, 0.123, 8.2e-002, 8.5e-002, 0.301, 9.5e-002, 8.5e-002, 8.4e-002, 0.458, 0.117, 8.2e-002, 8.3e-002, 0.363, 9.5e-002, 8.3e-002, 8.3e-002, 0.425, 0.131, 8.3e-002, 0.135, 0.354, 8.8e-002, 8.2e-002, 8.3e-002, 0.472, 0.203, 0.152, 0.189, 0.43, 0.162, 0.151, 0.17, 0.485, 0.217, 0.141, 0.164, 0.412, 0.171, 0.158, 0.157, 0.481, 0.212, 0.126, 0.105, 0.424, 0.156, 0.103, 0.326
Plate[0], 2019/2/28, 11:41:02, 0.443, 8.9e-002, 8.3e-002, 8.4e-002, 0.447, 8.7e-002, 8.6e-002, 8.4e-002, 0.441, 9.5e-002, 8.3e-002, 8.3e-002, 0.49, 8.7e-002, 8.6e-002, 8.3e-002, 0.468, 0.132, 8.5e-002, 8.6e-002, 0.479, 8.9e-002, 8.4e-002, 8.3e-002, 0.487, 0.228, 0.143, 0.117, 0.522, 0.816, 0.144, 0.188, 0.513, 0.249, 0.133, 0.102, 0.5, 0.79, 0.158, 0.152, 0.488, 0.239, 0.142, 9.1e-002, 0.491, 0.694, 0.114, 0.134
Plate[1], 2019/2/28, 12:30:45, 0.421, 0.141, 8.2e-002, 8.5e-002, 0.315, 9.7e-002, 8.4e-002, 8.4e-002, 0.445, 0.118, 8.2e-002, 8.3e-002, 0.372, 9.5e-002, 8.3e-002, 8.3e-002, 0.409, 0.129, 8.3e-002, 0.102, 0.376, 8.8e-002, 8.2e-002, 8.3e-002, 0.469, 0.245, 0.146, 0.12, 0.434, 0.18, 0.135, 0.148, 0.484, 0.267, 0.139, 8.6e-002, 0.418, 0.183, 0.138, 0.143, 0.483, 0.272, 0.133, 7.9e-002, 0.433, 0.174, 9.6e-002, 0.316
Plate[0], 2019/2/28, 12:37:22, 0.429, 9.e-002, 8.3e-002, 8.4e-002, 0.43, 8.7e-002, 8.6e-002, 8.4e-002, 0.435, 9.5e-002, 8.3e-002, 8.3e-002, 0.481, 8.7e-002, 8.6e-002, 8.3e-002, 0.462, 0.14, 8.8e-002, 8.7e-002, 0.471, 8.9e-002, 8.3e-002, 8.3e-002, 0.484, 0.267, 0.141, 0.266, 0.515, 0.282, 0.172, 0.159, 0.508, 0.299, 0.136, 0.257, 0.488, 0.92, 0.157, 0.125, 0.489, 0.289, 0.146, 0.23, 0.447, 0.82, 0.221, 0.222
Plate[1], 2019/2/28, 12:43:54, 0.423, 0.144, 8.2e-002, 8.5e-002, 0.306, 9.7e-002, 8.4e-002, 8.4e-002, 0.439, 0.119, 8.2e-002, 8.3e-002, 0.374, 9.6e-002, 8.3e-002, 8.3e-002, 0.406, 0.129, 8.3e-002, 9.e-002, 0.372, 8.8e-002, 8.2e-002, 8.3e-002, 0.464, 0.255, 0.147, 0.12, 0.431, 0.188, 0.133, 0.145, 0.48, 0.278, 0.142, 8.6e-002, 0.423, 0.19, 0.134, 0.14, 0.479, 0.285, 0.133, 7.8e-002, 0.429, 0.178, 9.7e-002, 0.314
Plate[0], 2019/2/28, 12:50:30, 0.433, 8.9e-002, 8.2e-002, 8.3e-002, 0.416, 8.7e-002, 8.6e-002, 8.4e-002, 0.425, 9.5e-002, 8.3e-002, 8.3e-002, 0.481, 8.7e-002, 8.6e-002, 8.3e-002, 0.451, 0.14, 8.6e-002, 8.6e-002, 0.471, 8.8e-002, 8.3e-002, 8.3e-002, 0.486, 0.285, 0.143, 0.236, 0.513, 0.304, 0.164, 0.141, 0.51, 0.316, 0.14, 0.221, 0.489, 0.318, 0.162, 0.121, 0.48, 0.305, 0.152, 0.19, 0.435, 0.269, 0.127, 0.189
Plate[1], 2019/2/28, 12:57:02, 0.425, 0.147, 8.2e-002, 8.5e-002, 0.314, 9.7e-002, 8.5e-002, 8.3e-002, 0.447, 0.12, 8.2e-002, 8.3e-002, 0.376, 9.6e-002, 8.3e-002, 8.3e-002, 0.408, 0.131, 8.3e-002, 8.9e-002, 0.378, 8.8e-002, 8.2e-002, 8.3e-002, 0.464, 0.271, 0.148, 0.109, 0.438, 0.191, 0.13, 0.143, 0.482, 0.298, 0.142, 8.5e-002, 0.423, 0.193, 0.131, 0.137, 0.484, 0.299, 0.136, 7.8e-002, 0.424, 0.184, 9.5e-002, 0.315
Plate[0], 2019/2/28, 13:03:38, 0.429, 9.e-002, 8.2e-002, 8.3e-002, 0.426, 8.7e-002, 8.5e-002, 8.4e-002, 0.421, 9.5e-002, 8.3e-002, 8.3e-002, 0.479, 8.7e-002, 8.6e-002, 8.3e-002, 0.442, 0.139, 8.5e-002, 8.6e-002, 0.469, 8.8e-002, 8.4e-002, 8.3e-002, 0.489, 0.303, 0.147, 0.219, 0.51, 0.326, 0.162, 0.139, 0.504, 0.337, 0.142, 0.202, 0.492, 0.344, 0.155, 0.12, 0.479, 0.328, 0.157, 0.165, 0.428, 0.298, 0.124, 0.166
Plate[1], 2019/2/28, 13:10:10, 0.421, 0.147, 8.2e-002, 8.5e-002, 0.305, 9.6e-002, 8.5e-002, 8.4e-002, 0.437, 0.121, 8.2e-002, 8.3e-002, 0.371, 9.6e-002, 8.3e-002, 8.3e-002, 0.41, 0.133, 8.3e-002, 9.4e-002, 0.375, 8.8e-002, 8.2e-002, 8.3e-002, 0.465, 0.285, 0.15, 0.123, 0.429, 0.197, 0.129, 0.142, 0.483, 0.304, 0.147, 9.4e-002, 0.41, 0.2, 0.131, 0.138, 0.48, 0.316, 0.14, 7.9e-002, 0.42, 0.192, 9.5e-002, 0.308
Plate[0], 2019/2/28, 13:16:47, 0.43, 9.e-002, 8.3e-002, 8.3e-002, 0.417, 8.7e-002, 8.6e-002, 8.4e-002, 0.415, 9.5e-002, 8.3e-002, 8.3e-002, 0.477, 8.7e-002, 8.6e-002, 8.3e-002, 0.438, 0.138, 8.5e-002, 8.6e-002, 0.469, 8.9e-002, 8.4e-002, 8.3e-002, 0.495, 0.318, 0.15, 0.215, 0.513, 0.343, 0.158, 0.139, 0.509, 0.348, 0.146, 0.198, 0.486, 0.364, 0.137, 0.123, 0.473, 0.335, 0.16, 0.158, 0.426, 0.32, 0.123, 0.157
Plate[1], 2019/2/28, 13:23:19, 0.419, 0.148, 8.2e-002, 8.5e-002, 0.307, 9.6e-002, 8.5e-002, 8.4e-002, 0.442, 0.122, 8.2e-002, 8.3e-002, 0.369, 9.7e-002, 8.3e-002, 8.3e-002, 0.42, 0.134, 8.3e-002, 9.1e-002, 0.375, 8.8e-002, 8.2e-002, 8.3e-002, 0.46, 0.302, 0.153, 0.129, 0.427, 0.204, 0.13, 0.143, 0.481, 0.325, 0.15, 9.5e-002, 0.412, 0.201, 0.131, 0.138, 0.48, 0.331, 0.144, 7.9e-002, 0.418, 0.197, 9.5e-002, 0.309
Plate[0], 2019/2/28, 13:29:55, 0.428, 9.e-002, 8.3e-002, 8.3e-002, 0.429, 8.7e-002, 8.6e-002, 8.4e-002, 0.416, 9.5e-002, 8.3e-002, 8.3e-002, 0.472, 8.7e-002, 8.6e-002, 8.3e-002, 0.453, 0.138, 8.5e-002, 8.5e-002, 0.466, 8.9e-002, 8.4e-002, 8.3e-002, 0.486, 0.332, 0.154, 0.21, 0.51, 0.36, 0.157, 0.138, 0.507, 0.366, 0.151, 0.191, 0.483, 0.386, 0.133, 0.12, 0.476, 0.353, 0.164, 0.152, 0.417, 0.337, 0.123, 0.146
Plate[1], 2019/2/28, 13:36:27, 0.418, 0.147, 8.2e-002, 8.5e-002, 0.314, 9.6e-002, 8.5e-002, 8.4e-002, 0.442, 0.122, 8.2e-002, 8.3e-002, 0.369, 9.7e-002, 8.3e-002, 8.3e-002, 0.413, 0.136, 8.3e-002, 8.9e-002, 0.382, 8.8e-002, 8.2e-002, 8.3e-002, 0.468, 0.319, 0.155, 0.119, 0.429, 0.212, 0.13, 0.142, 0.482, 0.339, 0.154, 9.1e-002, 0.414, 0.208, 0.13, 0.137, 0.478, 0.341, 0.147, 7.9e-002, 0.408, 0.201, 9.4e-002, 0.307
Plate[0], 2019/2/28, 13:43:03, 0.426, 9.e-002, 8.3e-002, 8.3e-002, 0.423, 8.7e-002, 8.6e-002, 8.4e-002, 0.417, 9.6e-002, 8.3e-002, 8.3e-002, 0.47, 8.7e-002, 8.6e-002, 8.3e-002, 0.448, 0.138, 8.5e-002, 8.5e-002, 0.463, 8.9e-002, 8.4e-002, 8.3e-002, 0.486, 0.353, 0.157, 0.202, 0.507, 0.377, 0.155, 0.137, 0.505, 0.378, 0.154, 0.184, 0.487, 0.407, 0.132, 0.12, 0.474, 0.361, 0.169, 0.145, 0.418, 0.353, 0.123, 0.138
Plate[1], 2019/2/28, 13:49:35, 0.416, 0.148, 8.2e-002, 8.5e-002, 0.316, 9.6e-002, 8.5e-002, 8.4e-002, 0.437, 0.123, 8.2e-002, 8.3e-002, 0.368, 9.8e-002, 8.3e-002, 8.3e-002, 0.417, 0.139, 8.3e-002, 8.9e-002, 0.378, 8.8e-002, 8.2e-002, 8.3e-002, 0.47, 0.327, 0.161, 0.109, 0.427, 0.215, 0.129, 0.141, 0.483, 0.343, 0.158, 8.9e-002, 0.407, 0.21, 0.128, 0.136, 0.48, 0.352, 0.151, 7.9e-002, 0.404, 0.205, 9.2e-002, 0.304
Plate[0], 2019/2/28, 13:56:12, 0.425, 9.e-002, 8.2e-002, 8.4e-002, 0.423, 8.7e-002, 8.6e-002, 8.4e-002, 0.412, 9.5e-002, 8.3e-002, 8.3e-002, 0.471, 8.7e-002, 8.6e-002, 8.3e-002, 0.438, 0.138, 8.5e-002, 8.5e-002, 0.465, 8.8e-002, 8.4e-002, 8.3e-002, 0.491, 0.363, 0.16, 0.196, 0.503, 0.391, 0.157, 0.136, 0.505, 0.375, 0.16, 0.175, 0.487, 0.424, 0.134, 0.12, 0.475, 0.375, 0.174, 0.134, 0.408, 0.373, 0.125, 0.132
Plate[1], 2019/2/28, 14:02:44, 0.414, 0.148, 8.2e-002, 8.5e-002, 0.312, 9.6e-002, 8.5e-002, 8.4e-002, 0.437, 0.123, 8.2e-002, 8.3e-002, 0.364, 0.11, 8.3e-002, 8.3e-002, 0.42, 0.141, 8.3e-002, 8.8e-002, 0.377, 8.8e-002, 8.2e-002, 8.3e-002, 0.47, 0.343, 0.164, 0.101, 0.42, 0.22, 0.127, 0.14, 0.485, 0.351, 0.163, 8.7e-002, 0.408, 0.216, 0.127, 0.135, 0.478, 0.361, 0.158, 7.9e-002, 0.404, 0.212, 8.9e-002, 0.295
Plate[0], 2019/2/28, 14:09:20, 0.425, 9.e-002, 8.2e-002, 8.3e-002, 0.423, 8.7e-002, 8.6e-002, 8.4e-002, 0.413, 9.6e-002, 8.3e-002, 8.3e-002, 0.466, 8.7e-002, 8.6e-002, 8.3e-002, 0.441, 0.138, 8.5e-002, 8.5e-002, 0.464, 8.9e-002, 8.4e-002, 8.3e-002, 0.49, 0.372, 0.166, 0.19, 0.498, 0.407, 0.16, 0.135, 0.504, 0.388, 0.165, 0.162, 0.486, 0.441, 0.136, 0.12, 0.472, 0.385, 0.179, 0.105, 0.401, 0.388, 0.125, 0.128
